-8.406826279881586e-07,0.0001543502720727938
-1.1230829466644167e-06,-0.0002260252387289956
-6.965230002723312e-07,-0.00034788399799876414
1.6982343583019204e-07,-7.185058898743043e-05
9.29081254669991e-07,0.00028636058568445936
1.1018935688009954e-06,0.00031704589053313135
5.790826536490421e-07,-1.4888669427955411e-05
-3.0936190906431564e-07,-0.00032979145693194987
-1.0025691448204103e-06,-0.0002674943726407033
-1.062860083891161e-06,0.00010074639429324703
-4.520953488719077e-07,0.00035375440462608504
4.4417492155900685e-07,0.00020215565537265852
1.0600746023330286e-06,-0.00018065382300124012
1.0066740199342967e-06,-0.0003568357364902041
3.176037410104403e-07,-0.00012488791931067808
-5.721032806746638e-07,0.0002498938666344302
-1.1006428349124561e-06,0.00033885464219763283
-9.341864826874114e-07,4.025321758576687e-05
-1.7774685401315618e-07,-0.0003043797914448098
6.910533872332323e-07,-0.0003008739846718591
1.1235453953164074e-06,4.675184080743137e-05
8.465015604473293e-07,0.00034089622379562557
3.477057675461358e-08,0.00024513715161065327
-7.990453095357153e-07,-0.00013099107143206096
-1.1282919046419192e-06,-0.0003572887303703662
-7.449139579268119e-07,-0.00017493544996299493
1.0904789382566693e-07,0.00020749212039321705
8.942377405149826e-07,0.00035259113556498515
1.1146314227039135e-06,9.441380989092697e-05
6.309280279148337e-07,-0.00027173981835947736
-2.5138376799293996e-07,-0.00032708217396370593
-9.74961735925638e-07,-8.325921761745293e-06
-1.082671119338152e-06,0.0003199426463547883
-5.064160190817254e-07,0.0002822690122558446
3.897802610527678e-07,-7.824629590542252e-05
1.039733350344422e-06,-0.00034925638152093035
1.0328265988832188e-06,-0.00022079805785986034
3.7345178812260423e-07,0.00016019277334029065
-5.217807553906845e-07,0.00035795196384239225
-1.0872871105074039e-06,0.0001462988717632037
-9.658752454948454e-07,-0.0002326766536924796
-2.3437979412410198e-07,-0.00034551736937855226
6.449972955515592e-07,-6.316972666049979e-05
1.1167723705342239e-06,0.00029142000999249503
8.830944491982025e-07,0.0003126879063772927
9.178998436267016e-08,-2.3681781026720087e-05
-7.571963521137993e-07,-0.0003329559692548544
-1.1277110670395681e-06,-0.0002614026126652081
-7.860178195261866e-07,0.00010912864711980504
5.177711237287472e-08,0.00035483373521705736
8.564785092450351e-07,0.0001946900658543498
1.1201185793409503e-06,-0.00018812685817704675
6.766000155642345e-07,-0.00035576300473886787
-1.9370538774545887e-07,-0.00011648942433859996
-9.412538563942399e-07,0.0002560133406843902
-1.094384109342028e-06,0.00033569031591137413
-5.568812515019649e-07,3.141800051563264e-05
3.316295020358159e-07,-0.0003087812156399025
1.0103345412471296e-06,-0.00029580212576492155
1.0512345728407378e-06,5.550160849412613e-05
4.2900755444994737e-07,0.00034331650760085374
-4.63381368238984e-07,0.0002384547159048142
-1.062895847047814e-06,-0.0001391379558852742
-9.916516727321132e-07,-0.0003575817874359359
-2.950743973010772e-07,-0.00016703489588330346
5.87101082655795e-07,0.00021455389341369077
1.0984596753878889e-06,0.000350736564844438
9.16830291647598e-07,8.576014661483334e-05
1.57230401081101e-07,-0.0002772977689630595
-7.009957469586313e-07,-0.00032318665032676373
-1.1166849358940868e-06,5.705224343563118e-07
-8.280791574317492e-07,0.00032366641007886205
-1.7610881318205492e-08,0.0002765602369046894
8.034504961879307e-07,-8.685992045285938e-05
1.1175128664369265e-06,-0.0003509237301822306
7.269277940233391e-07,-0.00021361182231534903
-1.2165618148044422e-07,0.00016801351396048664
-8.930672036106138e-07,0.00035746225315716603
-1.1011156710814629e-06,0.00013805959395308913
-6.14999391651297e-07,-0.00023924041029394172
2.5848623668990287e-07,-0.00034289815491796567
9.685853325007225e-07,-5.4365651300922176e-05
1.0678424004604795e-06,0.00029633637677572663
4.940317114414257e-07,0.0003080938631242622
-3.90864995705658e-07,-3.2527397370395075e-05
-1.0290040224519713e-06,-0.0003359320993259013
-1.0183277012795313e-06,-0.00025510713205437115
-3.6586169671546573e-07,0.00011748865495099506
5.169301143526319e-07,0.00035569239691330106
1.0736174622144505e-06,0.00018706933954085826
9.534951743636875e-07,-0.00019550204525655424
2.3248975039221753e-07,-0.0003544537978248146
-6.348369400327003e-07,-0.00010800002276689859
-1.1018492951122153e-06,0.000261962927880931
-8.743269696641134e-07,0.000332293428548469
-9.58010035533948e-08,2.256961296235658e-05
7.429768833818681e-07,-0.00031294975796823665
1.1133714207045536e-06,-0.0002905237706651734
7.820227958125781e-07,6.417702413824623e-05
-4.2141066533058316e-08,0.00034545568598841363
-8.396364232017251e-07,0.00023161498611982422
-1.1078600871093517e-06,-0.0001471183709767257
-6.778381653691828e-07,-0.00035756579513786507
1.7933295234608355e-07,-0.00015904860373561457
9.23401692768684e-07,0.00022135899618982925
1.0854599389114754e-06,0.0003485699755778141
5.634473500435506e-07,7.711158553246822e-05
-3.1358550512457413e-07,-0.0002825184738615424
-9.929170312938776e-07,-0.00031900444876855764
-1.0464929580634622e-06,9.35687972380772e-06
-4.4064139055772945e-07,0.0003269898542951458
4.4279695728188843e-07,0.0002706197646749793
1.047139874650097e-06,-9.525153373311906e-05
9.916495523859685e-07,-0.0003521525469848579
3.113877986692244e-07,-0.0002062769472715211
-5.649670684398664e-07,0.00017550251715747363
-1.0852881289756413e-06,0.000356526525999787
-9.218484692184307e-07,0.00012977804462574295
-1.77714926116767e-07,-0.00024537482923896474
6.782732127992673e-07,-0.0003398594926816725
1.1069094458802898e-06,-4.564162643192343e-05
8.382631868985613e-07,0.000300747360049015
4.164027917466159e-08,0.00030314100217096967
-7.811418139538918e-07,-4.116446609174016e-05
-1.1118640027635368e-06,-0.00033835621255504095
-7.422794851509161e-07,-0.0002485438212703105
9.480541430445817e-08,0.000125516409478544
8.721856470519833e-07,0.000355986822223573
1.1002727283962033e-06,0.00017929508081100364
6.354261965519713e-07,-0.00020243675226590992
-2.2962342168057957e-07,-0.0003526043366903586
-9.501294101357897e-07,-9.948572900231419e-05
-1.0723450666829668e-06,0.00026738806993123183
-5.192341940985491e-07,0.00032841425896386583
3.609937970423548e-07,1.382863063154974e-05
1.0140666993283917e-06,-0.0003165406341767226
1.028630003159989e-06,-0.0002848500070897217
3.95326804303922e-07,7.261939924336206e-05
-4.871951232674318e-07,0.0003469979257574425
-1.0631776275230211e-06,0.00022448779271719865
-9.696955443353432e-07,-0.00015475646425233398
-2.653345017085353e-07,-0.00035696771536907965
6.06510096172501e-07,-0.0001508946029407626
1.0966992184463505e-06,0.00022773630091052504
8.961946199672402e-07,0.0003458672062115332
1.30903720051238e-07,6.841732270740364e-05
-7.173412076988604e-07,-0.0002872542809815209
-1.1140921302188245e-06,-0.00031435731049011054
-8.090049265625886e-07,1.807390465457601e-05
6.161827478969031e-09,0.0003298015016000034
8.180192491077231e-07,0.0002643033831663186
1.1148317436394181e-06,-0.00010347340284929551
7.090699195267827e-07,-0.00035287165943704706
-1.4405461790426174e-07,-0.0001986648449078615
-9.070436168195608e-07,0.00018274117679327006
-1.098726697616857e-06,0.0003551086759007142
-5.977199604388663e-07,0.00012132011135372948
2.806594888791515e-07,-0.00025120061593921454
9.827857662329031e-07,-0.0003363865591863798
1.0656489047389619e-06,-3.6837496195657e-05
4.7640920024142395e-07,0.0003048144033596419
-4.138617776394739e-07,0.00029781641466049204
-1.043833964196461e-06,-4.979477758533296e-05
-1.0158447550167246e-06,-0.0003404226449440595
-3.4695400762573563e-07,-0.0002416804734225272
5.41411062439039e-07,0.00013346305958589902
1.0889527873913208e-06,0.0003559290300662074
9.498821513681053e-07,0.00017129711927733497
2.1132783124983625e-07,-0.00020923003911174943
-6.612041217340343e-07,-0.0003504243133766695
-1.1172067174673369e-06,-9.082463650050256e-05
-8.685356629630676e-07,0.0002726262450841169
-7.152862629444612e-08,0.0003242396973816898
7.712608522254361e-07,5.015755232206148e-06
1.1279374692912587e-06,-0.0003199136149806315
7.729825795908099e-07,-0.0002789270717065361
-7.011545059238052e-08,8.106309597849058e-05
-8.69567025645841e-07,0.0003483060884982385
-1.1207092331350605e-06,0.0002171669001984116
-6.64611192330032e-07,-0.00016233123378327723
2.1131233847332827e-07,-0.0003561339759197788
9.54405605109384e-07,-0.00014260991196878475
1.0954890424842991e-06,0.00023399349445756562
5.451340795778621e-07,0.00034294216689510613
-3.496292005993259e-07,5.9661082754253384e-05
-1.0241276382910024e-06,-0.00029182344094541964
-1.0524375966701897e-06,-0.00030951665752151534
-4.1638981133841e-07,2.6780691235481063e-05
4.827432977888171e-07,0.00033241274330597696
1.0774214849391497e-06,0.00025783753458454413
9.921271062196268e-07,-0.00011161241712136177
2.8051554016098914e-07,-0.0003533723542029384
-6.083219321251759e-07,-0.00019096184088392073
-1.1132948331986665e-06,0.00018982793191717187
-9.155634164126862e-07,0.00035347278400438346
-1.398646344237977e-07,0.00011284232090963583
7.241849606348387e-07,-0.0002568138636217292
1.1311404066487494e-06,-0.0003327164212890586
8.2406361616798e-07,-2.8093676311229547e-05
-3.2386799208144626e-09,0.00030862161032521156
-8.285233450093418e-07,0.0002923366093456992
-1.1307918854603649e-06,-5.8280146242101644e-05
-7.19214280363598e-07,-0.0003422001279244134
1.4638702774379516e-07,-0.0002347242548453845
9.195521922535217e-07,0.00014118158652788064
1.112167703159823e-06,0.0003555755989118668
6.026298101051837e-07,0.0001632862999988225
-2.8736434286534964e-07,-0.00021572016613008197
-9.959003262170808e-07,-0.0003479673431574543
-1.0756180998528485e-06,-8.224393626423893e-05
-4.7618422559485334e-07,0.0002775013590401705
4.239098742606241e-07,0.0003198333719331637
1.0563107346480813e-06,-3.6168294803371518e-06
1.0216765258016336e-06,-0.00032288528214734154
3.41873307523282e-07,-0.00027284237958572123
-5.538137021882867e-07,8.922814226874673e-05
-1.0997550171684982e-06,0.00034920145315433686
-9.511648599810572e-07,0.00020977506213370534
-2.018730906585553e-07,-0.00016953899426344637
6.748990672693242e-07,-0.0003549053715499718
1.1254031776973693e-06,-0.0001343592040421843
8.651036038609705e-07,0.0002398134853748243
5.84154661240225e-08,0.00033966946346458416
-7.851230763067222e-07,5.1049505189772474e-05
-1.1326903156525634e-06,-0.00029590993933464237
-7.647735044436873e-07,-0.00030440150020223064
8.616980401192143e-08,3.523577188166535e-05
8.825826575567241e-07,0.00033452488796357766
1.1213928875304884e-06,0.00025119062982877603
6.518186600874336e-07,-0.0001194048394901079
-2.2940085270841092e-07,-0.00035338753243836476
-9.655328463319412e-07,-0.00018318355130477628
-1.0916086019284716e-06,0.00019649298432911316
-5.281429411787038e-07,0.0003513932671812306
3.687435799889688e-07,0.00010439865604600859
1.032425063794151e-06,-0.0002619550147525805
1.0437946412453946e-06,-0.0003286682042387681
3.9594139016954444e-07,-1.9488390515457025e-05
-5.016871007445605e-07,0.0003119336276145401
-1.0820948142818144e-06,0.00028656159189833596
-9.78920498916664e-07,-6.653507156177484e-05
-2.5768715938944176e-07,-0.0003434863664248615
6.258575227899916e-07,-0.00022756569885316525
1.1137716211601412e-06,0.00014859563473322728
8.982777034981457e-07,0.0003547589434154926
1.1588415858651277e-07,0.00015516826655498985
-7.391593646457724e-07,-0.00022185313166541185
-1.1271365958392327e-06,-0.0003450946244824177
-8.035373813221468e-07,-7.364662740945212e-05
2.690051682591825e-08,0.0002819886642398966
8.397883234128904e-07,0.00031507242577632035
1.122259436185925e-06,-1.2185051222621848e-05
6.965209479931394e-07,-0.00032545934508687515
-1.6829469895579947e-07,-0.00026647249234684013
-9.263237839258284e-07,9.72603157689388e-05
-1.0995382160232847e-06,0.00034970731378787745
-5.791590371163418e-07,0.00020217066514526677
3.0608777163505604e-07,-0.00017655935255661548
9.976731500586068e-07,-0.0003533101019869536
1.05964312301057e-06,-0.0001259681016853616
4.5339925579303255e-07,0.00024540548172836973
-4.383047261832403e-07,0.0003360642955084919
-1.0530453947022336e-06,4.236661705298712e-05
-1.0034441258806967e-06,-0.0002997409307036934
-3.21243306288532e-07,-0.00029899682395669665
5.630322888822176e-07,4.369729115719137e-05
1.0917923619528492e-06,0.0003363659777108907
9.319603548100401e-07,0.000244304069342188
1.8474115237807993e-07,-0.00012714385082780914
-6.784881870356223e-07,-0.000353127465590952
-1.113536312566903e-06,-0.0001752214820544939
-8.464405097221587e-07,0.00020305013828367802
-4.595711362394585e-08,0.00034904562495938495
7.830763527544262e-07,9.583258901621502e-05
1.1181187218426258e-06,-0.0002669403855153217
7.482652877580142e-07,-0.00032437138565437665
-9.301702098681719e-08,-1.0827199869783227e-05
-8.752831272479252e-07,0.00031505029555391423
-1.1055561885098329e-06,0.00028057102242254144
-6.389669744120227e-07,-7.477567457921511e-05
2.3013168024391366e-07,-0.0003445489989290669
9.53854927236191e-07,-0.00022023912958720997
1.0761551920581283e-06,0.0001559242694062906
5.201811039492199e-07,0.00035370560486447996
-3.6345554205991734e-07,0.00014694468005282046
-1.0177833036741822e-06,-0.00022783254149553084
-1.0305077435405004e-06,-0.0003419909235758961
-3.937633803565167e-07,-6.50195935810195e-05
4.910278965268032e-07,0.0002862628239705392
1.0662089483355863e-06,0.0003101079907230861
9.693284993735374e-07,-2.0697431153342035e-05
2.6151727699126894e-07,-0.00032777539120648494
-6.110690743055418e-07,-0.0002599495675275014
-1.0984689604895033e-06,0.00010514694562201929
-8.935190341643256e-07,0.0003499310020671387
-1.254214135029194e-07,0.00019448568654007663
7.216971696606942e-07,-0.00018334750708897936
1.1139288754978363e-06,-0.00035143419511214554
8.040817019680357e-07,-0.0001175875636585334
-1.2548388375528134e-08,0.0002506895810355992
-8.212792532766712e-07,0.000332208777885839
-1.1124118655355341e-06,3.379830353799628e-05
-7.024671971001798e-07,-0.00030320742659200933
1.501883480456922e-07,-0.0002934015903929248
9.082032803638241e-07,5.193521123754733e-05
1.0938920247471814e-06,0.00033781231146480403
5.902520856715201e-07,0.00023731394345728458
-2.853423664828901e-07,-0.00013455477779670625
-9.811561296713956e-07,-0.00035247436912185984
-1.05875476952224e-06,-0.00016726489187339675
-4.6924985965123574e-07,0.00020918935911023667
4.1592602921827503e-07,0.0003463414534851532
1.0390757557584856e-06,8.739473816794867e-05
1.0076072862956294e-06,-0.0002714421844335135
3.413464396041038e-07,-0.00031978841354895246
-5.399846202865997e-07,-2.420091581176813e-06
-1.0811912365484344e-06,0.0003176497573206735
-9.413317773427439e-07,0.00027439415161938514
-2.0847677738670263e-07,-8.264449826519449e-05
6.557738394751556e-07,-0.0003450971695222803
1.1070404020732037e-06,-0.0002128476155089768
8.610386991831322e-07,0.00016278244606230177
7.262136520367666e-08,0.0003521775273529478
-7.617036401596675e-07,0.00013878835695125638
-1.1164274111805114e-06,-0.00023327106533597793
-7.6802447111195e-07,-0.000338486024628598
6.422863707608698e-08,-5.6591495090126476e-05
8.562699709101791e-07,0.0002899596024197058
1.1092228535738812e-06,0.0003048429299512345
6.635778112762412e-07,-2.8890800797070788e-05
-2.002406066404439e-07,-0.0003295136757426884
-9.383065413546203e-07,-0.00025324451084032503
-1.0856511692494908e-06,0.00011261547104667555
-5.491572657389223e-07,0.00034961113913103
3.3359646536347667e-07,0.0001867444903820996
1.0067023299441964e-06,-0.0001896463190037185
1.0459644703139914e-06,-0.0003490787443816053
4.262283142697944e-07,-0.00010927361946885976
-4.6249202910086686e-07,0.00025544468245001785
-1.0604065668927663e-06,0.00032796043200504277
-9.90512366713016e-07,2.54073763347941e-05
-2.963221342453313e-07,-0.00030613689632760007
5.851772666599109e-07,-0.0002875141206562645
1.0985536412431343e-06,5.990437136198797e-05
9.198826072163271e-07,0.0003387426698067714
1.61175982491008e-07,0.00023013710276056072
-6.99780976461176e-07,-0.00014162930166813006
-1.1202710830423774e-06,-0.0003513501690114281
-8.347469681492223e-07,-0.0001592238083898425
-2.257382697384882e-08,0.00021494970371802537
8.045758068035181e-07,0.0003432283097596482
1.1250473574884589e-06,7.896500292614026e-05
7.362133409651467e-07,-0.00027554660721327423
-1.173628384783074e-07,-0.00031486917368218746
-8.976902036949087e-07,5.899867957762174e-06
-1.112422586154357e-06,0.0003198541535623923
-6.255410540374367e-07,0.00026795821320831965
2.564453240159992e-07,-9.036266500105776e-05
9.77429667563708e-07,-0.0003452695474976089
1.082333931421344e-06,-0.00020527401258344478
5.043861927292779e-07,0.0001694422238902122
-3.9234569558212275e-07,0.00035030608444312246
-1.0422771384484142e-06,0.00013052378560224616
-1.0350291577089425e-06,-0.0002384781324122569
-3.7458235913313875e-07,-0.0003346800169132464
5.228180910296128e-07,-4.8124112261143654e-05
1.0909775377641077e-06,0.0002934051948797316
9.710068802339034e-07,0.0002993263831291384
2.380625877596664e-07,-3.706025264856713e-05
-6.457062825414498e-07,-0.00033099330113720243
-1.1225568559453488e-06,-0.000246343497335152
-8.911745065453095e-07,0.00012000330606734322
-9.709930390372079e-08,0.0003490371834364354
7.588051017053446e-07,0.00017886807811240047
1.1362685009716305e-06,-0.00019581473673922073
7.966797214049786e-07,-0.00034648594316321295
-4.60385680232069e-08,-0.00010088961264286542
-8.601808764573299e-07,0.0002600283810098862
-1.131756899774477e-06,0.00032350448797515894
-6.890256345180322e-07,1.701439537251867e-05
1.888745728352216e-07,-0.00030886534634540816
9.479135501405918e-07,-0.0002814626275227842
1.1088439668733042e-06,6.78068694464364e-05
5.698417725306137e-07,0.0003394565823449687
-3.290378111144771e-07,0.00022285348026558817
-1.0204209066725599e-06,-0.00014857146025632314
-1.067794650152145e-06,-0.00035001148421076497
-4.411276900667331e-07,-0.00015114535518115637
4.640750612459453e-07,0.0002205198336628025
1.0764032774819998e-06,0.00033992256090102977
1.0093005606775784e-06,7.057643916788295e-05
3.0510692095882426e-07,-0.000279416139418137
-5.916653919910199e-07,-0.00030980021261664087
-1.1149337322073535e-06,1.4096061993365543e-05
-9.343954863647111e-07,0.0003217976778111168
-1.6403781897213638e-07,0.0002614357578064046
7.098167623526066e-07,-9.787664528827457e-05
1.1355336479281484e-06,-0.00034517821284301054
8.444150925735537e-07,-0.00019769447966827745
2.0303754433621317e-08,0.0001758267697589841
-8.165128876810101e-07,0.00034819400279710453
-1.1377749148734032e-06,0.00012234605911653847
-7.407337714451253e-07,-0.00024335542741067706
1.2387205444122991e-07,-0.0003306829188933012
9.101481003955986e-07,-3.9841320719376316e-05
1.1216987862047188e-06,0.0002964898484582331
6.250345954525473e-07,0.0002936930634223697
-2.661735190950573e-07,-4.495068010207489e-05
-9.891785432207569e-07,-0.00033210891674631966
-1.0874922574192344e-06,-0.00023941979480207655
-4.991228235640017e-07,0.0001270301113469843
4.0431492876593037e-07,0.00034812657787779724
1.0522998251987363e-06,0.00017107541949414303
1.0356848477603032e-06,-0.00020156103717068944
3.650576684409428e-07,-0.0003436135813609802
-5.359756480175804e-07,-9.269898176345433e-05
-1.0983646324114962e-06,0.0002641561971132155
-9.670080681452177e-07,0.0003188515466831775
-2.2499226523620786e-07,8.91774042719341e-06
6.589366298287539e-07,-0.0003111350840228593
1.1264835665511174e-06,-0.00027531505726289494
8.824646911991052e-07,7.532624240599128e-05
8.119285554657254e-08,0.00033974044059254123
-7.711072925892548e-07,0.00021558418979909883
-1.136116736007944e-06,-0.00015506717992756932
-7.834586039080531e-07,-0.0003482998092206281
6.387110195174728e-08,-0.00014319143455846878
8.705168529102739e-07,0.00022560841709617666
1.127035699964535e-06,0.0003363233689926016
6.716737421494591e-07,6.241303370207279e-05
-2.0762959143231848e-07,-0.00028279867632826565
-9.55345424957513e-07,-0.0003045319140187894
-1.0993700723642668e-06,2.198359188177975e-05
-5.491222627215655e-07,0.00032327662043760955
3.475142096616551e-07,0.00025481373061510715
1.0241721337510325e-06,-0.00010502097010995529
1.0537886626205185e-06,-0.00034466828621829566
4.1813274691554103e-07,-0.00019011258234441614
-4.810262332224777e-07,0.00018180513222213127
-1.0759054320572943e-06,0.0003457264186231584
-9.91266888237604e-07,0.0001142534270137626
-2.810831066424298e-07,-0.00024781416076591193
6.05941834644897e-07,-0.0003264035055681415
1.1099225166458432e-06,-3.171650444268075e-05
9.1318563012e-07,0.0002991645740317406
1.404528309154596e-07,0.00028785375528631247
-7.202848770999888e-07,-5.262735751294818e-05
-1.1259861900255397e-06,-0.000332839994067709
-8.211383725593922e-07,-0.00023236426303240682
1.3803745551229668e-09,0.00013380436312997656
8.22387554400531e-07,0.00034686845892698177
1.1241346403455486e-06,0.00016321920546093398
7.167783674793659e-07,-0.00020703121235583714
-1.4223936340968763e-07,-0.0003404380222175372
-9.109347271902896e-07,-8.450559770013566e-05
-1.104727553779549e-06,0.00026799689426926725
-6.018759683945093e-07,0.0003139435541113912
2.8008646730520165e-07,8.712731009109329e-07
9.84884951977439e-07,-0.0003131168452334965
1.068340737273966e-06,-0.00026896272519581733
4.782674764441086e-07,8.274924803732862e-05
-4.1292748495242376e-07,0.0003397434962439483
-1.0432871592747586e-06,0.00020816204416161557
-1.015644956621915e-06,-0.0001614260643206886
-3.478270598908966e-07,-0.00034632176622942303
5.38870958692104e-07,-0.00013513859489296524
1.085454842802618e-06,0.00023052483836366914
9.476096655084005e-07,0.0003324800885249462
2.1256742686292338e-07,5.420751440648905e-05
-6.561078845701028e-07,-0.0002859796646937383
-1.1108703889582634e-06,-0.0002990513634940357
-8.653019863254866e-07,2.9853462559984416e-05
-7.447902425638672e-08,0.00032453271816055575
7.629776818543775e-07,0.0002480227808802727
1.1192758458375849e-06,-0.00011208605238652193
7.700532717661968e-07,-0.00034392566357526643
-6.436344892908637e-08,-0.00018241770372651154
-8.57959685882149e-07,0.00018764422155710496
-1.1106076124483774e-06,0.00034303201899905965
-6.632393472745473e-07,0.00010611619801984146
2.0202811481956711e-07,-0.0002520800052192652
9.398002252948077e-07,-0.0003219226023615666
1.0851455991920934e-06,-2.362544684586147e-05
5.465549777361e-07,0.00030160536772139244
-3.3645630020306096e-07,0.00028185982699724773
-1.0073531318004536e-06,-6.0187106672425245e-05
-1.0433085233544872e-06,-0.0003333150886328452
-4.2166625441501677e-07,-0.00022522226782711971
4.6576546627971086e-07,0.0001403807231818642
1.059654786360306e-06,0.0003453568152960503
9.856686403221543e-07,0.00015536298849775826
2.904073776661112e-07,-0.00021223296111810223
-5.87944107691812e-07,-0.000337039271819314
-1.0957728183537852e-06,-7.641100049936368e-05
-9.129673855960824e-07,0.00027151757174979305
-1.546948593773828e-07,0.00030887162124735754
7.011672216748171e-07,-6.9730317541871026e-06
1.1151878297543482e-06,-0.00031475317223270154
8.263766160292782e-07,-0.00026253213333758457
1.669574682639615e-08,8.987201698191393e-05
