5.4639380125695525e-05,3.4709862078021256e-05
-6.1637812685333305e-06,-5.107618906876062e-05
-6.307866692466862e-05,-7.831435398042108e-05
-8.020061898525937e-05,-1.5782317157572556e-05
-4.672818935189484e-05,6.484049202711094e-05
1.6222729651675758e-05,7.113785479085478e-05
6.893975036410723e-05,-4.1085651779237175e-06
7.816642326318619e-05,-7.464530796639644e-05
3.808198624787606e-05,-5.9617727974788674e-05
-2.6026533042773337e-05,2.3748298924388494e-05
-7.371650353862488e-05,7.98921752932302e-05
-7.490275993686178e-05,4.445748029542218e-05
-2.8836788328558807e-05,-4.1937827023264435e-05
3.54209768037878e-05,-8.026087189783596e-05
7.733374837718708e-05,-2.658280642880587e-05
7.046087457203575e-05,5.7566618678900615e-05
1.9137904656317207e-05,7.572895419955186e-05
-4.425836342855139e-05,7.085012066470339e-06
-7.973459484119779e-05,-6.968050479806339e-05
-6.491060843027896e-05,-6.65731321392812e-05
-9.137886537728719e-06,1.2845463831879804e-05
5.2399664723373104e-05,7.753989535572049e-05
8.088128275371848e-05,5.335239896332725e-05
5.833930379114893e-05,-3.199181019013477e-05
-1.0059336272706256e-06,-8.066491792619789e-05
-5.971682136178151e-05,-3.687391370597342e-05
-8.075578270727274e-05,4.9185011410219575e-05
-5.085029452948632e-05,7.886470442611262e-05
1.1134066127756544e-05,1.8143750216767265e-05
6.609479532114407e-05,-6.33752822068304e-05
7.936006419675621e-05,-7.224909366524495e-05
4.256135538492915e-05,1.6945452127257719e-06
-2.1087208510838322e-05,7.369617289370363e-05
-7.143326836446197e-05,6.122193735744122e-05
-7.67161162290192e-05,-2.142970105510745e-05
-3.3602866059316745e-05,-7.951744622859051e-05
3.070887130868888e-05,-4.645646925780607e-05
7.564835454357323e-05,3.985674760540691e-05
7.28655352601431e-05,8.048362429294988e-05
2.4115667859191946e-05,2.8854151629934566e-05
-3.9847787164695236e-05,-5.585057249344138e-05
-7.867373929430787e-05,-7.65355796727892e-05
-6.786876491900952e-05,-9.489627608249821e-06
-1.424884023572853e-05,6.843457405074859e-05
4.836029157393284e-05,6.791424181544806e-05
8.04618169732953e-05,-1.045478285028186e-05
6.18043244192139e-05,-7.684030083738349e-05
4.157504480172936e-06,-5.51458561080679e-05
-5.61124890968674e-05,2.976134652127675e-05
-8.098439876920133e-05,8.05543566702998e-05
-5.47675172203252e-05,3.900986556384376e-05
5.999645469180413e-06,-4.725119172512172e-05
6.298240646662586e-05,-7.934972994867853e-05
8.023316090629856e-05,-2.049138172783306e-05
4.686893218755856e-05,6.185628104964878e-05
-1.6062852039967697e-05,7.329976591713725e-05
-6.886188952517955e-05,7.210944809224082e-07
-7.821979187841259e-05,-7.268460993368769e-05
-3.8232750913045776e-05,-6.277360793433763e-05
2.5873774099593238e-05,1.90938060588676e-05
7.365830934858224e-05,7.907472109756725e-05
7.497580742973502e-05,4.8413797333692837e-05
2.8994756469724447e-05,-3.77432585359068e-05
-3.527801811576351e-05,-8.063609292369033e-05
-7.72961047742778e-05,-3.109708500552419e-05
-7.055216442361556e-05,5.408817841158665e-05
-1.9300255535185153e-05,7.727307863657226e-05
4.4127600545185886e-05,1.1880958332011356e-05
7.971793328316909e-05,-6.713015881268422e-05
6.501832912917441e-05,-6.919087650605452e-05
9.301731506252706e-06,8.060965725145693e-06
-5.2283212380326136e-05,7.607248182359524e-05
-8.088558867930013e-05,5.688298056431879e-05
-5.846135909155269e-05,-2.7510633553731334e-05
8.434138555517055e-07,-8.03688344336074e-05
5.961642458623445e-05,-4.110110901452398e-05
8.078061861111923e-05,4.527997901207051e-05
5.098435046300784e-05,7.975672224327377e-05
-1.0975585514773678e-05,2.2809294746653782e-05
-6.601178445334973e-05,-6.0283596327619804e-05
-7.940454832828642e-05,-7.427360788165342e-05
-4.270488648732617e-05,-3.1248713481376706e-06
2.0935298002678e-05,7.160511684796437e-05
7.136856508348386e-05,6.425460130156767e-05
7.677898226887538e-05,-1.674971531364237e-05
3.375330297881417e-05,-7.855315939816947e-05
-3.0565728302067895e-05,-5.031184357549023e-05
-7.560239516314785e-05,3.560056133937179e-05
-7.294523382717292e-05,8.07035926368747e-05
-2.4270495519142574e-05,3.329716875840847e-05
3.9715297823770815e-05,-5.227637123998965e-05
7.864663571315943e-05,-7.792539133511583e-05
6.796365617729396e-05,-1.4249957726789986e-05
1.4405760129200362e-05,6.575888204015027e-05
-4.8239960768911515e-05,7.038867102782657e-05
-8.04533798356348e-05,-5.6663952889325514e-06
-6.191265550683985e-05,-7.522502935329068e-05
-4.314307806542331e-06,-5.855406126149441e-05
5.600561071069318e-05,2.523562439342237e-05
8.099417565494342e-05,8.009709883414654e-05
5.4887392790257315e-05,4.314460715804286e-05
-5.845097117499903e-06,-4.32628176194121e-05
-6.289001564767194e-05,-8.007799849052427e-05
-8.026049332233123e-05,-2.51014786643877e-05
-4.6998458208906364e-05,5.864739076044637e-05
1.5912505025467347e-05,7.51692751848142e-05
6.878479210496838e-05,5.526558631155487e-06
7.826385866478438e-05,-7.045018428250148e-05
3.836998819426779e-05,-6.567096425802846e-05
-2.572948566054195e-05,1.4384901850206722e-05
-7.359717527581767e-05,7.79508265446756e-05
-7.503571800930573e-05,5.2163283264479955e-05
-2.9137807980542843e-05,-3.341720403433386e-05
3.5141539815172944e-05,-8.069160707381773e-05
7.725147552307126e-05,-3.5471122790469e-05
7.062696564212966e-05,5.040838116291963e-05
1.9447304494992326e-05,7.850541077728909e-05
-4.400050188706406e-05,1.6613774861701514e-05
-7.969019809555286e-05,-6.432113831830238e-05
-6.510695929941494e-05,-7.15259003148162e-05
-9.450892383604694e-06,3.257414145853374e-06
5.2167038221963325e-05,7.430619149723366e-05
8.087495942572249e-05,6.0179355223419325e-05
5.8562549256573864e-05,-2.29291842601581e-05
-6.941034160952891e-07,-7.975398981468995e-05
-5.951258858294862e-05,-4.5158668349086995e-05
-8.07871015159085e-05,4.120044223848282e-05
-5.109673648781569e-05,8.033200235587547e-05
1.0828002938942745e-05,2.738099975360483e-05
6.592156619068675e-05,-5.69556661470243e-05
7.942804935392841e-05,-7.600504401204408e-05
4.282706209122516e-05,-7.931841824046451e-06
-2.0791296532053108e-05,6.923293142469713e-05
-7.129305855250197e-05,6.703741654542844e-05
-7.68191267801532e-05,-1.2001202741921056e-05
-3.388364264114812e-05,-7.728266734608026e-05
3.0427146960393885e-05,-5.39767263239503e-05
7.554250749425081e-05,3.120111229811739e-05
7.300145829826165e-05,8.061343636873034e-05
2.4407344811461365e-05,3.7620463199431884e-05
-3.9583846187563816e-05,-4.849556848224877e-05
-7.860308220785491e-05,-7.90219160381627e-05
-6.803521353464596e-05,-1.8967376481091067e-05
-1.4547359717299252e-05,6.282860551144002e-05
4.811731047505347e-05,7.260531672464907e-05
8.042668811541692e-05,-8.436057995851712e-07
6.199863397280439e-05,-7.332506329989256e-05
4.458890624584092e-06,-6.175542920443707e-05
-5.589328143240906e-05,2.0602793229600182e-05
-8.09847201612019e-05,7.934398099708877e-05
-5.498680070484058e-05,4.713473831921207e-05
5.699276009392352e-06,-3.9103637612816625e-05
6.278945801130083e-05,-8.051780891386568e-05
8.026849753119337e-05,-2.963605094467442e-05
4.711011301314815e-05,5.521636338997156e-05
-1.5767339242976e-05,7.677483803596208e-05
-6.869745375908544e-05,1.0327936473873443e-05
-7.828944075587114e-05,-6.795699875142535e-05
-3.8492577855797375e-05,-6.834358605468252e-05
2.558694588711367e-05,9.61054302128468e-06
7.352446496014768e-05,7.654744564033758e-05
7.507880775838262e-05,5.5738900961669264e-05
2.926979834650104e-05,-2.8961648809087262e-05
-3.5003650334054515e-05,-8.046297373964724e-05
-7.71946250105547e-05,-3.9730633462514113e-05
-7.068721005725289e-05,4.654348539462242e-05
-1.9586945487849565e-05,7.946451816475059e-05
4.386935257154695e-05,2.1296580458188938e-05
7.965033063256244e-05,-6.128219213541917e-05
6.51838075282138e-05,-7.361308749912824e-05
9.596275826593224e-06,-1.5626944215768805e-06
-5.2044720590728856e-05,7.227761516594389e-05
-8.085303700589561e-05,6.326625807137478e-05
-5.8655192454411294e-05,-1.826559978760185e-05
5.450685936750879e-07,-7.885829695437467e-05
5.9401197965492024e-05,-4.905625140929877e-05
8.078393077814191e-05,3.697714133198507e-05
5.1204167730140344e-05,8.062253474873039e-05
-1.0677562426870411e-05,3.185126965285359e-05
-6.582317473295648e-05,-5.342910546105765e-05
-7.944419100633136e-05,-7.746295006142982e-05
-4.294793006270312e-05,-1.2702447877688712e-05
2.0641893835556248e-05,6.661684017564284e-05
7.120971411571889e-05,6.957297930489348e-05
7.685492184753885e-05,-7.220493454219386e-06
3.401630406126978e-05,-7.573523698698102e-05
-3.0281420813293493e-05,-5.743503710836812e-05
-7.547612614491898e-05,2.6700706341035566e-05
-7.305679825977542e-05,8.022789181651091e-05
-2.4549663068365793e-05,4.179086028894144e-05
3.944462551226599e-05,-4.454860577666292e-05
7.855535658444208e-05,-7.982103941731278e-05
6.810955766356312e-05,-2.3596284566079e-05
1.4696902730239984e-05,5.9674513553757156e-05
-4.7987347030165394e-05,7.454014481803778e-05
-8.039892870819131e-05,3.962574767781394e-06
-6.20910023804057e-05,-7.115521962417527e-05
-4.613017466243701e-06,-6.470826315170537e-05
5.577521724603919e-05,1.5911278306350215e-05
8.097789673273647e-05,7.829017344862471e-05
5.5095855835190816e-05,5.092626866301976e-05
-5.543395045463946e-06,-3.4811854932349255e-05
-6.268578734701942e-05,-8.06442921107256e-05
-8.028314068815537e-05,-3.403602425414893e-05
-4.723406803332734e-05,5.158536203561223e-05
1.5612655810244223e-05,7.807435688334411e-05
6.861040786508168e-05,1.5069006615892917e-05
7.832562556483811e-05,-6.520797115972882e-05
3.862931717476809e-05,-7.07377277907228e-05
-2.5436377826472286e-05,4.8166491689587805e-06
-7.345584904648378e-05,7.484830011085202e-05
-7.51360543979717e-05,5.9082701763485085e-05
-2.941684813939284e-05,-2.4406869943762616e-05
3.4860106030748284e-05,-7.991811260356909e-05
7.714590404070268e-05,-4.382112378765336e-05
7.076456738575421e-05,4.25056847702047e-05
1.9741548211418596e-05,8.01081806033684e-05
-4.373559693873658e-05,2.5884951965363992e-05
-7.962252465826081e-05,-5.8008244705816466e-05
-6.527995397268266e-05,-7.540720919777022e-05
-9.755643616715722e-06,-6.36934745736963e-06
5.1923228659518854e-05,6.996823560328133e-05
8.084675823586567e-05,6.610245960823168e-05
5.876846746106911e-05,-1.3534077453235145e-05
-3.838477003813188e-07,-7.765562796722932e-05
-5.92942842715577e-05,-5.27622664808153e-05
-8.07993632088919e-05,3.2610138173498564e-05
-5.1332501116003676e-05,8.060128736860395e-05
1.0517463423152147e-05,3.6201278752926504e-05
6.573282275723193e-05,-4.969421577604731e-05
7.948109923960923e-05,-7.862560436750496e-05
4.308901236910452e-05,-1.7430813658785738e-05
-2.0485867359019265e-05,6.374331825640982e-05
-7.113765394843655e-05,7.184947201761358e-05
-7.691272367523458e-05,-2.403009684818331e-06
-3.416760777072799e-05,-7.389986421179154e-05
3.0132333889245325e-05,-6.068679684476336e-05
7.542375487870766e-05,2.2089234731770264e-05
7.313451965363984e-05,7.954388737110386e-05
2.4708464649267085e-05,4.581927299652208e-05
-3.930522344490514e-05,-4.042588468503295e-05
-7.85236930555932e-05,-8.033094860143327e-05
-6.820583685181635e-05,-2.8154770835008547e-05
-1.4860292311802427e-05,5.629350246536402e-05
4.786025752230741e-05,7.621316696486164e-05
8.038865125034642e-05,8.771912595573728e-06
6.220411138370876e-05,-6.872327963891681e-05
4.7779442953314845e-06,-6.744205232664331e-05
-5.566284863150344e-05,1.1145780066616086e-05
-8.098919221753461e-05,7.695633367585448e-05
-5.5223643588737814e-05,5.455325680040333e-05
5.38000497721697e-06,-3.0382133123359167e-05
6.259017490665853e-05,-8.049005141315803e-05
8.031573760541183e-05,-3.833388854978921e-05
4.737416172120997e-05,4.7762504290172285e-05
-1.5453736208707908e-05,7.910869045419581e-05
-6.853312741214177e-05,1.9774408379455646e-05
-7.837872302568521e-05,-6.222558741338267e-05
-3.8779070271309567e-05,-7.289666167444783e-05
2.5284720556178584e-05,-8.222598913865633e-09
7.339810122163613e-05,7.28881374753597e-05
7.520853601080683e-05,6.223341170473244e-05
2.957355986768498e-05,-1.9757407724293784e-05
-3.471826440450839e-05,-7.90990126862607e-05
-7.710845159110142e-05,-4.777034011024622e-05
-7.085492138666534e-05,3.831529297889994e-05
-1.9902407877395806e-05,8.047904962206462e-05
4.3605879502440535e-05,3.0390947802055927e-05
7.960570109870774e-05,-5.4532026358084876e-05
6.538635701380154e-05,-7.694420975693815e-05
9.917856196576034e-06,-1.1156938784447435e-05
-5.180762772193427e-05,6.741722982079145e-05
-8.085049003193964e-05,6.871072264602551e-05
-5.88888286960097e-05,-8.756748925079564e-06
2.2302770684234258e-07,-7.618414439131764e-05
5.919440005410047e-05,-5.6281907198067135e-05
8.082309549651274e-05,2.8133729696819102e-05
5.146448520955779e-05,8.02977001490939e-05
-1.0360635807205471e-05,4.041733478553537e-05
-6.564987408069326e-05,-4.579058579583902e-05
-7.952390787471179e-05,-7.950725276315177e-05
-4.323021430750162e-05,-2.2086382175379713e-05
2.0335340079762268e-05,6.064914733036592e-05
7.107237706300181e-05,7.386169867182625e-05
7.697335097833961e-05,2.4088955754104273e-06
3.431561013089452e-05,-7.180237100211996e-05
-2.9990148811987898e-05,-6.370651163426323e-05
-7.537656374973523e-05,1.7413252452102203e-05
-7.321158555551642e-05,7.856971168521576e-05
-2.4861030836916237e-05,4.966253994519838e-05
3.9173061207618976e-05,-3.616957480780334e-05
7.849470882845219e-05,-8.053863180272288e-05
6.829783901830045e-05,-3.258793721525543e-05
1.501524516759826e-05,5.271501806866737e-05
-4.7739613704465066e-05,7.758969962459779e-05
-8.037772957672006e-05,1.3525729008047558e-05
-6.230937727212412e-05,-6.603970253683748e-05
-4.933145436843673e-06,-6.990368572232788e-05
5.555498009112973e-05,6.359967432757087e-06
8.099597440506017e-05,7.533060427729115e-05
5.5340472429570564e-05,5.795057049097531e-05
-5.226532209948914e-06,-2.58549698509633e-05
-6.249612033753053e-05,-8.002107431465275e-05
-8.033969734879923e-05,-4.2460695807526305e-05
-4.7500778902923824e-05,4.376912408368263e-05
1.5303922907674246e-05,7.982534819291875e-05
6.845381778566951e-05,2.4380140970310746e-05
7.841924590767033e-05,-5.9009019929513975e-05
3.891370318623828e-05,-7.475599892412624e-05
-2.5140422311015e-05,-4.813036629347783e-06
-7.333434881110542e-05,7.064458122587916e-05
-7.52649368946289e-05,6.512305326444939e-05
-2.9714489831671207e-05,-1.5045891045587852e-05
3.458117879451572e-05,-7.796583418673514e-05
7.706092501597834e-05,-5.1515073375465335e-05
7.09264021966884e-05,3.398423927067598e-05
2.0047832292479103e-05,8.052627117779381e-05
-4.347770328340596e-05,3.476319765726904e-05
-7.957490137766292e-05,-5.084597146533913e-05
-6.547189129159294e-05,-7.817004487252221e-05
-1.0065856052207132e-05,-1.589043518198657e-05
5.1689953758486325e-05,6.460179340182529e-05
8.083669869321946e-05,7.104141797761294e-05
5.8987255383779726e-05,-3.9508034519556915e-06
-7.432138987417883e-08,-7.44121474228421e-05
-5.908870145695311e-05,-5.957599620211988e-05
-8.082651148617082e-05,2.354910205882717e-05
-5.1574606233969686e-05,7.967843025924377e-05
1.0213086065098389e-05,4.447417028863735e-05
6.555745935633652e-05,-4.170788803632976e-05
7.954443365132768e-05,-8.007948088406338e-05
4.335056637096529e-05,-2.6658276961980085e-05
-2.0190841557534073e-05,5.731863432222057e-05
-7.099440448729436e-05,7.559121412471422e-05
-7.701071400616251e-05,7.216253864478584e-06
-3.444468668958788e-05,-6.942843412823374e-05
2.9850497787643293e-05,-6.648803213553702e-05
7.531401114215375e-05,1.2664729475621762e-05
7.326531097712525e-05,7.729817775477625e-05
2.499718894500152e-05,5.332609022957686e-05
-3.9040041822315494e-05,-3.177082070420596e-05
-7.844836679942392e-05,-8.044770274554403e-05
-6.836725715787046e-05,-3.690928078606724e-05
-1.5156782666256214e-05,4.893547047358007e-05
4.7614898557294355e-05,7.868496998376594e-05
8.034824734959626e-05,1.82402067582201e-05
6.239372694216468e-05,-6.311074013694984e-05
5.078362400441941e-06,-7.211790954844214e-05
-5.5440183794476144e-05,1.541069801658051e-06
-8.09838597493739e-05,7.34313007711231e-05
-5.543879061940947e-05,6.114789897406277e-05
5.079517526272189e-06,-2.1226513007089384e-05
6.239290111811907e-05,-7.926713650145356e-05
8.034535908804285e-05,-4.644504068943687e-05
4.761195809289883e-05,3.96140926042792e-05
-1.5157083760980193e-05,8.026219322253899e-05
-6.83637914626645e-05,2.8907427130524776e-05
-7.84429038295336e-05,-5.558097844195541e-05
-3.9036395656855156e-05,-7.635597904845015e-05
2.499582296011741e-05,-9.606305773781052e-06
7.325899069021779e-05,6.815218509535424e-05
7.530653952228954e-05,6.778748036580252e-05
2.9847112170640307e-05,-1.0279355399792126e-05
-3.4440977723177745e-05,-7.656023686379197e-05
-7.700162425936976e-05,-5.508041641802646e-05
-7.098568744266598e-05,2.9535008453851362e-05
-2.0188610722699074e-05,8.029201988039449e-05
4.3344103933667e-05,3.9011310714242356e-05
7.953291080824748e-05,-4.698465762550246e-05
6.554833555718894e-05,-7.912016055089998e-05
1.0212789687623139e-05,-2.056202970897478e-05
-5.156521390523578e-05,6.156278289206996e-05
-8.081313445355822e-05,7.311692056617956e-05
-5.908012295169083e-05,8.597050864748295e-07
-7.659401211671084e-08,-7.23794517177174e-05
5.897506745677886e-05,-6.264963788555335e-05
8.082224564678676e-05,1.8892182869433143e-05
5.168279171447746e-05,7.877467538078663e-05
-1.0060616698397285e-05,4.8358348669308744e-05
-6.545720933054057e-05,-3.748735595263919e-05
-7.956014445022658e-05,-8.035867772292e-05
-4.347266372897432e-05,-3.1116492666691444e-05
2.0039463463411677e-05,5.379048028673157e-05
7.090969627963998e-05,7.703566448555477e-05
7.704661943273072e-05,1.1977477314832813e-05
3.4578756088099736e-05,-6.680650919844339e-05
-2.97031085469991e-05,-6.90094996340566e-05
-7.524683904727307e-05,7.889670671430926e-06
-7.332121576986256e-05,7.574134270789448e-05
-2.5140971055594316e-05,5.6771186060458784e-05
3.889949749128937e-05,-2.7271817884645573e-05
7.840035887825221e-05,-8.00503101232788e-05
6.844251276528468e-05,-4.1068721979717724e-05
1.5307768165023775e-05,4.4985784581311016e-05
-4.748399569696621e-05,7.947121438066564e-05
-8.032071310611969e-05,2.2861377387959787e-05
-6.248730486112183e-05,-5.9950460465254095e-05
-5.233807730794638e-06,-7.404035135505356e-05
5.532161345878534e-05,-3.2611401175890764e-06
8.097768432196618e-05,7.125280424444132e-05
5.554918739635021e-05,6.40900614851144e-05
-4.922533116587674e-06,-1.6535299814774068e-05
-6.22891308682699e-05,-7.820348944924399e-05
-8.036097267238796e-05,-5.0228494130477374e-05
-4.77373054094823e-05,3.5319467787979026e-05
1.5001498990778458e-05,8.037890284277424e-05
6.827690786786214e-05,3.330240009668665e-05
7.848018806279753e-05,-5.1944846442625154e-05
3.917442842905204e-05,-7.764691864523904e-05
-2.4844627170525594e-05,-1.4345422282015622e-05
-7.319077594544032e-05,6.539682946382318e-05
-7.536488752116022e-05,7.017493134370445e-05
-2.9995224841499457e-05,-5.484928220740749e-06
3.429707403872059e-05,-7.485464094355444e-05
7.695344015535561e-05,-5.8419674878249054e-05
7.106411097816547e-05,2.497801778408803e-05
2.0344135207247593e-05,7.974141160943037e-05
-4.321012514940463e-05,4.3099274713411824e-05
-7.950569518064007e-05,-4.294384462334297e-05
-6.564547154487202e-05,-7.975933436189864e-05
-1.0372895964919281e-05,-2.514946191074811e-05
5.1443665030271495e-05,5.8285794568747374e-05
8.080742446907213e-05,7.490786203473491e-05
5.919417587831754e-05,5.666326979358764e-06
2.383172960474516e-07,-7.006755381911736e-05
-5.886819482828795e-05,-6.548373135134546e-05
-8.083817379526304e-05,1.4160511802963852e-05
-5.1811702985412106e-05,7.757025942575382e-05
9.900232783594892e-06,5.206281483309154e-05
6.536700088488437e-05,-3.312059329328664e-05
7.959747727758002e-05,-8.033636318046554e-05
4.361411861202427e-05,-3.546489180415787e-05
-1.988336255794581e-05,5.005650839267753e-05
-7.083787568465954e-05,7.819748273497554e-05
-7.710475391638407e-05,1.670359875093281e-05
-3.473022326229638e-05,-6.393449578031523e-05
2.955413835348753e-05,-7.128471526679825e-05
7.519474859742554e-05,3.0754271614270503e-06
7.339911437743301e-05,7.390761947148014e-05
2.5299644909316853e-05,6.0020563191307715e-05
-3.876047672434926e-05,-2.2664581247107847e-05
-7.836904157096485e-05,-7.936735685005462e-05
-6.853877094143766e-05,-4.509311767756149e-05
-1.5470683777914887e-05,4.086786199032649e-05
4.735752850755091e-05,7.998075035415171e-05
8.031071405795817e-05,2.7414088820491508e-05
6.260005695476323e-05,-5.657400348820761e-05
5.397918954667773e-06,-7.57107993173725e-05
-5.520998402119343e-05,-8.063190011624176e-06
-8.098908997889847e-05,6.882419300043035e-05
-5.5676305589483616e-05,6.681860630792457e-05
4.7601838162998475e-06,-1.1777905375536753e-05
6.219419125768521e-05,-7.68707330155878e-05
8.039334113362288e-05,-5.3847525763021276e-05
4.7876352272069066e-05,3.089760014118399e-05
-1.4843777320363973e-05,8.022258749458352e-05
-6.82001673850055e-05,3.759001131885467e-05
-7.853275013813887e-05,-4.812831084862032e-05
-3.9322868516536746e-05,-7.867549601230815e-05
2.4694199434315028e-05,-1.903925633942635e-05
7.313331966916761e-05,6.241794654059187e-05
7.543645766720833e-05,7.232449864194888e-05
3.0150372212955022e-05,-6.715452935149762e-07
-3.4156405209360284e-05,-7.289416130337152e-05
-7.691592947553349e-05,-6.155804347593475e-05
-7.115315376361488e-05,2.033846163943201e-05
-2.050325708457282e-05,7.891765649796393e-05
4.308141822520248e-05,4.70343259714793e-05
7.948840896940867e-05,-3.8760320189742844e-05
6.575016623677235e-05,-8.012122094823283e-05
1.0533265329788796e-05,-2.9640975633185884e-05
-5.132875645728514e-05,5.481227722805841e-05
-8.081015548767399e-05,7.643221271244083e-05
-5.9312426256352e-05,1.044073425339442e-05
-3.9731525627125734e-07,-6.751447872649798e-05
5.8768567248516067e-05,-6.807688153917425e-05
8.086032610787057e-05,9.393494952557477e-06
5.1941284372103315e-05,7.609191695295766e-05
-9.744997219239697e-06,5.55664090631279e-05
-6.52836841298863e-05,-2.865040817818351e-05
-7.963811067170012e-05,-8.002170470666951e-05
-4.3752760373200355e-05,-3.966563226033151e-05
1.9734038041766322e-05,4.6154261482529774e-05
7.077156629550443e-05,7.90649052411599e-05
7.716276805922293e-05,2.1346176650686326e-05
3.4875791375644304e-05,-6.083674217768076e-05
-2.9412538310175446e-05,-7.328109577148291e-05
-7.514585455919356e-05,-1.7270994550693739e-06
-7.347327769189077e-05,7.180207814325858e-05
-2.5450044071617153e-05,6.302445069362603e-05
3.862825345925014e-05,-1.799358602972448e-05
7.833771403561898e-05,-7.838169895552564e-05
6.862764420226062e-05,-4.8922135670578006e-05
1.5623803424040857e-05,3.6611954291872655e-05
-4.723614013099491e-05,8.017489982083324e-05
-8.029689483669139e-05,3.183584968776899e-05
-6.270215513360657e-05,-5.2991713596703e-05
-5.551774553888275e-06,-7.707322641043864e-05
5.510069756786218e-05,-1.280920902008139e-05
8.09925585566302e-05,6.61334430373267e-05
5.5790052194235566e-05,6.926698870621739e-05
-4.60754725410698e-06,-6.995972673195537e-06
-6.209816278510248e-05,-7.523556463007476e-05
-8.041377121506962e-05,-5.7233575594922324e-05
-4.800014418615005e-05,2.6370625327310373e-05
1.4694268674577043e-05,7.974322468191848e-05
6.811844902193383e-05,4.170827645111935e-05
7.856973008523738e-05,-4.4132152390949533e-05
3.945512939793762e-05,-7.938203160229488e-05
-2.4549596106505122e-05,-2.363941366837865e-05
-7.306683017313222e-05,5.919657976937446e-05
-7.548946246114895e-05,7.417484351984867e-05
-3.028942057273092e-05,4.130337210439469e-06
3.401851396187573e-05,-7.0644819108601e-05
7.686544793875974e-05,-6.444028122002874e-05
7.12214219538016e-05,1.562782488871719e-05
2.064725371563206e-05,7.777854958095027e-05
-4.2951982515829054e-05,5.077330001653403e-05
-7.945450984535283e-05,-3.442884835902595e-05
-6.583278886068679e-05,-8.016291009399978e-05
-1.0680399342115372e-05,-3.400878374754915e-05
5.1209427796051246e-05,5.112514901763885e-05
8.079332179330245e-05,7.765304977598284e-05
5.94084159517483e-05,1.5170621079300831e-05
5.457389552650551e-07,-6.469777317683084e-05
-5.8660841026959125e-05,-7.040295327189382e-05
-8.086074517973078e-05,4.590817678221114e-06
-5.204938600269535e-05,7.431859717349178e-05
9.597191324540759e-06,5.885588156897507e-05
6.51889385729859e-05,-2.4069033683729403e-05
7.965579497977443e-05,-7.940084560367387e-05
4.387163303802294e-05,-4.371739129234846e-05
-1.9588696542494767e-05,4.207489329820192e-05
-7.0691015345853e-05,7.963487800119867e-05
-7.719751756139767e-05,2.5912229203414608e-05
-3.5003935704977466e-05,-5.75093414421852e-05
2.927153127746295e-05,-7.500709979266642e-05
7.508055346253267e-05,-6.527738316880786e-06
7.352469912970615e-05,6.943047704484436e-05
2.558587954016478e-05,6.580069489764797e-05
-3.849335516676239e-05,-1.325238381240583e-05
-7.828856953606904e-05,-7.711090671175209e-05
-6.869522911954008e-05,-5.2578346284194106e-05
-1.5765713345827163e-05,3.222041401763607e-05
4.710910620791917e-05,8.008226791846096e-05
8.026469549573425e-05,3.614790729771744e-05
6.278519465724161e-05,-4.921832057404958e-05
5.697951845941985e-06,-7.816378035497984e-05
-5.4983331518429935e-05,-1.7513029411476025e-05
-8.097799578200174e-05,6.320850616734364e-05
-5.588766781863527e-05,7.147321879708379e-05
4.459049195610434e-06,-2.1881818969131532e-06
6.199228129686526e-05,-7.333712585610429e-05
8.041736040137134e-05,-6.0419768575289124e-05
4.811120327712215e-05,2.1752503513339493e-05
-1.4545525505914278e-05,7.898618031680442e-05
-6.802576535235398e-05,4.567909491332207e-05
-7.859173944907675e-05,-3.998521059958167e-05
-3.957824527560145e-05,-7.981144723724001e-05
2.4402806327950702e-05,-2.8152000880599556e-05
7.298897520092408e-05,5.577307656200944e-05
7.552991814368712e-05,7.576332096966351e-05
3.0422972277683116e-05,8.909301242226968e-06
-3.3875962124948596e-05,-6.815242367734847e-05
-7.680394724228457e-05,-6.708995595542874e-05
-7.12800951333048e-05,1.0873509128837945e-05
-2.0789378300519447e-05,7.636792415278733e-05
4.28160333184806e-05,5.432198492220123e-05
7.941076517585494e-05,-2.9988244045603287e-05
6.590923634714399e-05,-7.9918827702167e-05
1.0829034775690093e-05,-3.824002563270601e-05
-5.108246945136542e-05,4.7267787586514005e-05
-8.076852359245367e-05,7.85893945267193e-05
-5.9501823456228686e-05,1.9826899725420438e-05
-6.985311526097253e-07,-6.165747782536515e-05
5.854534225876077e-05,-7.246201331473445e-05
8.085589911816123e-05,-2.0750894259640377e-07
5.215860578025349e-05,7.227944994195436e-05
-9.442854202539996e-06,6.191209862964906e-05
-6.508727893555899e-05,-1.9419953700598147e-05
-7.967145724624194e-05,-7.848618400214306e-05
-4.3994973664555285e-05,-4.75848804870178e-05
1.9435722035649822e-05,3.7857233235675755e-05
7.060545632279787e-05,7.989997830130322e-05
7.723385006246494e-05,3.0356078021900107e-05
3.513934505145882e-05,-5.39790970832211e-05
-2.9122847247172525e-05,-7.643578485643017e-05
-7.501302457639869e-05,-1.1278120279748302e-05
-7.35813921058446e-05,6.680205801867933e-05
-2.5731006343678107e-05,6.830631282637279e-05
3.8351881855136805e-05,-8.483995023742239e-06
7.82407077659971e-05,-7.554424606448318e-05
6.877158207058974e-05,-5.6008993443404054e-05
1.591794722805333e-05,2.7723834562662723e-05
-4.6977679896167396e-05,7.96730631503424e-05
-8.023772283497547e-05,4.029538225190681e-05
-6.288001243002716e-05,-4.526721650287907e-05
-5.8544483542021276e-06,-7.893756734210002e-05
5.4864631435038766e-05,-2.212534395370991e-05
8.0972699606818e-05,6.004375436460146e-05
