5.6606958975357795e-05,3.4185772132491664e-05
-4.567768010699093e-06,-5.255285751587104e-05
-6.286050060999739e-05,-7.899420910539547e-05
-8.149566303365953e-05,-1.4800150902529127e-05
-4.871692947117591e-05,6.637532265716364e-05
1.4796075174490644e-05,7.139405786203388e-05
6.897425513139405e-05,-5.502522731076222e-06
7.963784066807353e-05,-7.608592758255809e-05
4.005962280080434e-05,-5.937092895903435e-05
-2.4791134650492413e-05,2.546448476149015e-05
-7.400140214655389e-05,8.108302002861037e-05
-7.652558570988381e-05,4.366961236902511e-05
-3.077144526556434e-05,-4.384906103041797e-05
3.4395522600765375e-05,-8.1056980655902e-05
7.786282476956663e-05,-2.5262804069555072e-05
7.220798691688786e-05,5.951727556848135e-05
2.099872478692152e-05,7.600938347417116e-05
-4.3457969781836074e-05,5.290820288773915e-06
-8.049772770502024e-05,-7.149844757551572e-05
-6.675308068522101e-05,-6.625291471267368e-05
-1.0895418807336457e-05,1.5009055304805772e-05
5.1835730346845685e-05,7.905031733662404e-05
8.18646340477154e-05,5.239200642473419e-05
6.02468167591541e-05,-3.437920673270113e-05
6.20650244866592e-07,-8.170503985435729e-05
-5.939690236526029e-05,-3.5285346463266644e-05
-8.194206688558679e-05,5.161964164886039e-05
-5.279168415965394e-05,7.929814484770693e-05
9.663772708362902e-06,1.5992702221099698e-05
6.602242346718363e-05,-6.56623101518938e-05
8.07288219123185e-05,-7.197873923827761e-05
4.450509993464307e-05,4.290754155222042e-06
-1.979589078541996e-05,7.563726175229221e-05
-7.16079875354457e-05,6.020024517489697e-05
-7.824405729871165e-05,-2.430847633871689e-05
-3.551758844828189e-05,-8.092654649241908e-05
2.9616154756151896e-05,-4.4692303480515476e-05
7.606565505795692e-05,4.2820375844144835e-05
7.452690070544222e-05,8.120245500300436e-05
2.5970669237358805e-05,2.64156214593167e-05
-3.8969922767576196e-05,-5.867960830860385e-05
-7.932521050222137e-05,-7.64478670681135e-05
-6.963587246080422e-05,-6.502443323481447e-06
-1.6014686611397776e-05,7.090366945533215e-05
4.7709878601911074e-05,6.695730855145005e-05
8.133531379049473e-05,-1.3813602201588598e-05
6.364799053444763e-05,-7.873523496178584e-05
5.806418952212456e-06,-5.331869134256036e-05
-5.569838377368849e-05,3.3273921065505785e-05
-8.206429386128496e-05,8.168911479979442e-05
-5.665754256099636e-05,3.6376928708515566e-05
4.493349512666199e-06,-5.0672896782060204e-05
6.2809590840549e-05,-7.958225957844884e-05
8.150064251286509e-05,-1.7181566242100545e-05
4.877462389840951e-05,6.49326106193032e-05
-1.4722387219288371e-05,7.254516577103636e-05
-6.893148142408444e-05,-3.0781904051468076e-06
-7.9653218945754e-05,-7.516959636569999e-05
-4.012337402747372e-05,-6.101378629231957e-05
2.4719584506548575e-05,2.3147153721956145e-05
7.396760809698872e-05,8.074962341769864e-05
7.655108349977753e-05,4.570255643614019e-05
3.084003309158138e-05,-4.1781972947817e-05
-3.432748551986093e-05,-8.132700423891345e-05
-7.783866080024784e-05,-2.756006819588166e-05
-7.224312323192489e-05,5.782816181485323e-05
-2.1070856841663922e-05,7.686602212044077e-05
4.339472269775559e-05,7.710377260614232e-06
8.048365102129192e-05,-7.029160881248984e-05
6.67972127481051e-05,-6.764310331593556e-05
1.0969757897090093e-05,1.2616750308563693e-05
-5.177844966127965e-05,7.840023349822294e-05
-8.186089749213624e-05,5.4229703541394845e-05
-6.029911566351476e-05,-3.216200322844664e-05
-6.958360329132298e-07,-8.165174654011745e-05
5.934659732999768e-05,-3.7456864199264445e-05
8.194869700515037e-05,4.971453700112516e-05
5.2851173339901026e-05,7.984479566534638e-05
-9.589113115502385e-06,1.8363731343485958e-05
-6.598002084258939e-05,-6.41869849014676e-05
-8.074571991943673e-05,-7.309137615725046e-05
-4.457072348125532e-05,1.8668490048576642e-06
1.9723105632440472e-05,7.468281096905009e-05
7.157427297009583e-05,6.180992774120565e-05
7.827095981528036e-05,-2.198155330619716e-05
3.558822403586227e-05,-8.055182421334042e-05
-2.954650128138331e-05,-4.6699389446955304e-05
-7.604122774605579e-05,4.073428117186056e-05
-7.456337810144392e-05,8.143049622361324e-05
-2.6045110367865917e-05,2.8695890054100835e-05
3.8904650327691233e-05,-5.696330856286338e-05
7.931058581608914e-05,-7.726442451916418e-05
6.968137068517712e-05,-8.914772713246094e-06
1.6091646538710345e-05,6.966325420525818e-05
-4.765019242839165e-05,6.831171502261966e-05
-8.133085977974373e-05,-1.1418531903355294e-05
-6.370182002561792e-05,-7.80473942893184e-05
-5.884607089123204e-06,-5.512701389023017e-05
5.5645347190968487e-05,3.1044375088276095e-05
8.207016281206764e-05,8.159632039606113e-05
5.6718838608118496e-05,3.85271063351431e-05
-4.415279005105842e-06,-4.87469076365547e-05
-6.27641888541248e-05,-8.009016053745703e-05
-8.151683461991129e-05,-1.9540376771240552e-05
-4.884239322011962e-05,6.342942782639164e-05
1.4645801488393765e-05,7.362221016724794e-05
6.889459488414511e-05,-6.569031331528121e-07
7.967957651554812e-05,-7.418229341012136e-05
4.019652686822892e-05,-6.259316524850721e-05
-2.4645803927436634e-05,2.081344813841083e-05
-7.39399406077032e-05,8.03393292099416e-05
-7.658724033083675e-05,4.768632975196116e-05
-3.0917379779725655e-05,-3.968046145943221e-05
3.4257752798239524e-05,-8.151908161610826e-05
7.782070278387117e-05,-2.9825246960542392e-05
7.228849606996452e-05,5.608908429153626e-05
2.1151087326446602e-05,7.764851786621952e-05
-4.333025589382682e-05,1.0116525373731655e-05
-8.047574817496961e-05,-6.902274818070559e-05
-6.685103444018062e-05,-6.896746856614212e-05
-1.1051468660563897e-05,1.0218801196525487e-05
5.1720396222479386e-05,7.768021398102814e-05
8.18632278341649e-05,5.601382863628909e-05
6.036050024344825e-05,-2.9920884050702257e-05
7.776537668666104e-07,-8.152519980983982e-05
-5.929594586933041e-05,-3.959017940060522e-05
-8.196123112012859e-05,4.776912895309691e-05
-5.291910759425778e-05,8.031955846002192e-05
9.508521105340244e-06,2.0714041729902684e-05
6.593755568148164e-05,-6.265784291965283e-05
8.076819704864596e-05,-7.413806227120883e-05
4.4644073435608e-05,-5.548610966056878e-07
-1.9644998601676932e-05,7.366470512791437e-05
-7.154055591033049e-05,6.336373862596589e-05
-7.830288302800354e-05,-1.9638489343519526e-05
-3.5665757114327604e-05,-8.010789522576969e-05
2.9472072811267793e-05,-4.8664130267426336e-05
7.601667586820197e-05,3.861498242655998e-05
7.460414622685088e-05,8.158828630354396e-05
2.6125620191322107e-05,3.094994427275082e-05
-3.8834925214842946e-05,-5.519903128026602e-05
-7.92954008749472e-05,-7.801424899771423e-05
-6.973026202727708e-05,-1.1318626578617196e-05
-1.617397182461471e-05,6.836327243073696e-05
4.7586032260112064e-05,6.960725509357387e-05
8.132507246700841e-05,-9.013618770091224e-06
6.3758031328587e-05,-7.729221684418327e-05
5.967603161012311e-06,-5.688819045519231e-05
-5.558755466551789e-05,2.8787189501223054e-05
-8.207376697650735e-05,8.143276148219734e-05
-5.6781569169713514e-05,4.064506504053877e-05
4.332703489241627e-06,-4.6777090530940874e-05
6.271345658133098e-05,-8.052844842803113e-05
8.152968647474441e-05,-2.1884207266934185e-05
4.8910765699371717e-05,6.186884602757476e-05
-1.4564707619484633e-05,7.463536616946627e-05
-6.885152214751827e-05,1.7679348808378083e-06
-7.970146014533328e-05,-7.312751455537001e-05
-4.026964708044061e-05,-6.411869011673958e-05
2.456722058878211e-05,1.8457476549885324e-05
7.390507170436791e-05,7.985567471314881e-05
7.6617882912582e-05,4.9630044300832524e-05
3.099431851964508e-05,-3.753901448536565e-05
-3.4182697615500976e-05,-8.163660111325595e-05
-7.779450525271947e-05,-3.206712210391617e-05
-7.232751158306263e-05,5.4294578797164804e-05
-2.1230835153720064e-05,7.83601029366153e-05
4.3259731213854745e-05,1.2518064044503598e-05
8.04585848119807e-05,-6.768620899471894e-05
6.689791778000382e-05,-7.022930833854263e-05
1.113296490229019e-05,7.80601134774657e-06
-5.1655367795230625e-05,7.688440205244916e-05
-8.185537483598764e-05,5.7748056965903264e-05
-6.041465780856738e-05,-2.7646028873234278e-05
-8.598020869555031e-07,-8.13194674538443e-05
5.923731737085613e-05,-4.168967214424995e-05
8.196282029496939e-05,4.577294848590515e-05
5.297981454913912e-05,8.071678262791913e-05
-9.426842096545272e-06,2.3049002929889762e-05
-6.588612712993521e-05,-6.106390424630775e-05
-8.077919249166831e-05,-7.511380230660705e-05
-4.4710472254978366e-05,-2.980862711639449e-06
1.9564939055564734e-05,7.257170916734156e-05
7.149705097236508e-05,6.485773166776367e-05
7.832311718912307e-05,-1.7271530913895015e-05
3.57368832812795e-05,-7.95835752083687e-05
-2.9394775985711672e-05,-5.0584003983779834e-05
-7.59816791603897e-05,3.6453611985078145e-05
-7.463327556468086e-05,8.166520589810325e-05
-2.6200438142234672e-05,3.317689426372542e-05
3.8761451583703236e-05,-5.3377118213700846e-05
7.926932998837529e-05,-7.868772569755336e-05
6.976779744626742e-05,-1.3714757976291773e-05
1.625138464109762e-05,6.69937285813856e-05
-4.75174085065549e-05,7.083565177759646e-05
-8.130823705433348e-05,-6.5967538997156935e-06
-6.380336451695168e-05,-7.645997255166204e-05
-6.046462696282732e-06,-5.859544461563426e-05
5.5524739140277716e-05,2.6499380203273678e-05
8.206632506618906e-05,8.118944861829956e-05
5.683396956379166e-05,4.2725383033406345e-05
-4.253542685525327e-06,-4.476018129845874e-05
-6.265728616192107e-05,-8.088918460451663e-05
-8.153165453377076e-05,-2.4208622081315018e-05
-4.896942559740502e-05,6.024790891081177e-05
1.4486363569886355e-05,7.557782330758308e-05
6.88027167587203e-05,4.1923162443149655e-06
7.97127052486079e-05,-7.200310215999403e-05
4.033365806046964e-05,-6.55844432832582e-05
-2.449082401924459e-05,1.6083488370685995e-05
-7.386429650419368e-05,7.929753481930596e-05
-7.66381951000866e-05,5.152819479997233e-05
-3.106272559327597e-05,-3.5362670101649934e-05
3.410934957981644e-05,-8.167938251131147e-05
7.776232365546498e-05,-3.4279946461209456e-05
7.235658071505545e-05,5.245088490258223e-05
2.130267675663475e-05,7.900114710193675e-05
-4.319043610403791e-05,1.490827548966129e-05
-8.043542326061362e-05,-6.628955303308205e-05
-6.693532878069215e-05,-7.142886100046336e-05
-1.1207231049176187e-05,5.386680540827106e-06
5.159110117056613e-05,7.602141912483962e-05
8.184154993781528e-05,5.943171234965634e-05
6.045985191371846e-05,-2.5347629802115316e-05
9.353852152542568e-07,-8.104365879455237e-05
-5.917905894715198e-05,-4.375298973628319e-05
-8.195857386562657e-05,4.373801660153461e-05
-5.303213382280738e-05,8.104524348191255e-05
9.351103267420447e-06,2.536405530242326e-05
6.583483848082543e-05,-5.9418590076152483e-05
8.07846989917509e-05,-7.602615142623786e-05
4.476917883232194e-05,-5.404106833603988e-06
-1.9490248864123683e-05,7.141801084324388e-05
-7.1453649856802e-05,6.629737908508318e-05
-7.833841010846647e-05,-1.4890320723765042e-05
-3.5801091286160405e-05,-7.899294723687319e-05
2.9322392951025453e-05,-5.246167448128501e-05
7.59469930596239e-05,3.426197639453863e-05
7.465821615687615e-05,8.167419890480408e-05
2.6269103832495572e-05,3.537623395663324e-05
-3.869267924165938e-05,-5.151079972725209e-05
-7.924409366411196e-05,-7.929572440075915e-05
-6.980206146190796e-05,-1.609954208864005e-05
-1.6323315461583714e-05,6.556823524493133e-05
4.745354763185772e-05,7.200493300100039e-05
8.129301494024965e-05,-4.174177661637482e-06
6.384641085011142e-05,-7.556346746647737e-05
6.12036642198594e-06,-6.0253556334306064e-05
-5.54669924984276e-05,2.418892674338786e-05
-8.206145999965317e-05,8.087731667874652e-05
-5.688505866408578e-05,4.476966251845014e-05
4.179029351721389e-06,-4.270475667133401e-05
6.260678171807963e-05,-8.118064432658952e-05
8.153730343179618e-05,-2.6512592747907594e-05
4.902762674778622e-05,5.857455209285473e-05
-1.4412663388903272e-05,7.645473103536563e-05
-6.876043762572152e-05,6.613486496468082e-06
-7.97287689602456e-05,-7.081519137456271e-05
-4.039785294169302e-05,-6.699249202225265e-05
2.441934928794183e-05,1.3694806536733246e-05
7.383104309831224e-05,7.866842437218362e-05
7.666435787484317e-05,5.338025538754179e-05
3.11316951418372e-05,-3.31541183265448e-05
-3.4041441441458645e-05,-8.164784950706045e-05
-7.773871399483509e-05,-3.646148209530489e-05
-7.23923551592722e-05,5.055891053355997e-05
-2.1375139908478714e-05,7.95690406730473e-05
4.3127354268160864e-05,1.728442495280747e-05
8.042188451407065e-05,-6.483100034191427e-05
6.698004174808285e-05,-7.256095545431579e-05
1.1281863248510392e-05,2.9628092713243976e-06
-5.153395861655227e-05,7.50863416757437e-05
-8.183827823199402e-05,6.105791882490942e-05
-6.051265233177443e-05,-2.3025860445814446e-05
-1.0108175789600184e-06,-8.068974509523697e-05
5.912890018271921e-05,-4.5772681422535356e-05
8.196564116381385e-05,4.1661843936859015e-05
5.3092083719507746e-05,8.129422856988047e-05
-9.276230980702612e-06,2.7652272791865982e-05
-6.579258458933843e-05,-5.7716310268987675e-05
-8.080201021871055e-05,-7.686249169056108e-05
-4.483524931917442e-05,-7.819329104037434e-06
1.9417229018028717e-05,7.019476349126675e-05
7.142004253907726e-05,6.766922476064654e-05
7.836570012664203e-05,-1.2497472771125419e-05
3.587216035672497e-05,-7.832428490049316e-05
-2.9252524087080778e-05,-5.428406503294862e-05
-7.592269992442515e-05,3.203950722605208e-05
-7.469508673364918e-05,8.160134944113028e-05
-2.634394954438969e-05,3.7536304810928764e-05
3.8627239723887254e-05,-4.9596191947819656e-05
7.922964619558039e-05,-7.982306732316005e-05
6.984797982097036e-05,-1.8463525904835792e-05
1.6400691467641295e-05,6.407994898613496e-05
-4.739369084247453e-05,7.309970310991922e-05
-8.128873060719677e-05,-1.7526751705705983e-06
-6.390064555922392e-05,-7.45935560874084e-05
-6.198950554638259e-06,-6.184784210331406e-05
5.541380938462903e-05,2.1859874538668495e-05
8.206750875390803e-05,8.048575123434456e-05
5.6946738210051044e-05,4.676462573338206e-05
-4.100613065349712e-06,-4.061241342367566e-05
-6.256128074261131e-05,-8.139158176937224e-05
-8.155370112735379e-05,-2.8784563490982798e-05
-4.909577697043364e-05,5.6848534451408865e-05
1.4335746738258853e-05,7.725502030139052e-05
6.872345927661395e-05,9.021625413933819e-06
7.975531454693761e-05,-6.956240966807942e-05
4.047136840535148e-05,-6.833243146072099e-05
-2.4345230386840524e-05,1.1299765183036617e-05
-7.38032358365684e-05,7.796644658638089e-05
-7.67006313663247e-05,5.5176737032941394e-05
-3.120933313730317e-05,-3.092061270219086e-05
3.397140652052698e-05,-8.154012363483326e-05
7.772058623864637e-05,-3.8603080003491465e-05
7.243774784957029e-05,4.86253841197017e-05
2.1455546684554126e-05,8.006219191535524e-05
-4.306263995765941e-05,1.963836536753806e-05
-8.041378109011009e-05,-6.331728762645049e-05
-6.703380290937226e-05,-7.362438294155876e-05
-1.136368475068051e-05,5.42422460631377e-07
5.147566680834627e-05,7.408622285007864e-05
8.184034695760838e-05,6.262569117811854e-05
6.057389409319506e-05,-2.068902906557346e-05
1.0927162468657856e-06,-8.026519629674099e-05
-5.907794475330071e-05,-4.774766261465725e-05
-8.19777893463066e-05,3.955334708091763e-05
-5.315977309157192e-05,8.147156595956234e-05
9.195546698049965e-06,2.9912119165423668e-05
6.574967123693542e-05,-5.5966798297461595e-05
8.082390454047072e-05,-7.763076963163255e-05
4.490823235544229e-05,-1.0224061856137951e-05
-1.9339006785923144e-05,6.89126404863182e-05
-7.13857362172228e-05,6.898090891429427e-05
-7.839688693609588e-05,-1.0096756518096817e-05
-3.594928969511934e-05,-7.758896995176854e-05
2.917785424407181e-05,-5.6057993999474326e-05
7.589734903365187e-05,2.9791446739971008e-05
7.47349781044381e-05,8.145845487854749e-05
2.6424092495244902e-05,3.9662744232305944e-05
-3.8557072731741755e-05,-4.763994751462636e-05
-7.921343208859962e-05,-8.028151781891921e-05
-6.989588860298698e-05,-2.0810938129236775e-05
-1.6482722090732686e-05,6.25366128520967e-05
4.7328921395621366e-05,7.413123952185969e-05
8.128179560981037e-05,6.705356874265938e-07
6.395588907162579e-05,-7.355867736018703e-05
6.281789043445357e-06,-6.338878474769372e-05
-5.5355229682060346e-05,1.951072172866909e-05
-8.206985251239968e-05,8.002344785417984e-05
-5.700853508069418e-05,4.871979557738849e-05
4.018037645233275e-06,-3.848258653480166e-05
6.250959938852553e-05,-8.153055588465775e-05
8.156524790398228e-05,-3.103317691683939e-05
4.916331444930733e-05,5.5069753354202775e-05
-1.425449032114803e-05,7.798683298734629e-05
-6.86793388102127e-05,1.1424759086023259e-05
-7.977593125146674e-05,-6.824473367613899e-05
-4.0543796383860667e-05,-6.961201972234084e-05
2.4266342453954464e-05,8.890623277649505e-06
7.376726769483796e-05,7.719147544942756e-05
7.673007253012297e-05,5.692516273117435e-05
3.1285705306236974e-05,-2.8654381195607544e-05
-3.389594305783774e-05,-8.13559231729733e-05
-7.769327420342931e-05,-4.0712416036535394e-05
-7.247564115822489e-05,4.664220654037439e-05
-2.1534850931686466e-05,8.048033213018099e-05
4.299163766896821e-05,2.197829995085371e-05
8.03955439373557e-05,-6.173987384924183e-05
6.707968628918631e-05,-7.461919203715606e-05
1.1444860188463479e-05,-1.8834635784012538e-06
-5.141010629923843e-05,7.301226740521699e-05
-8.183145871171452e-05,6.413580524204868e-05
-6.062716041001542e-05,-1.8327233215986578e-05
-1.1746586628805032e-06,-7.976125732530451e-05
5.901872335754016e-05,-4.967975722024778e-05
8.197836304456237e-05,3.7401800188022576e-05
5.321966864261267e-05,8.156895283022786e-05
-9.113993411013228e-06,3.214673191794286e-05
-6.569762649050924e-05,-5.415867367955021e-05
-8.08339265098368e-05,-7.83235814345916e-05
-4.497389040472434e-05,-1.2622954832295546e-05
1.9259008168206644e-05,6.755992876197937e-05
7.134157950792019e-05,7.022636234829369e-05
7.841616192725337e-05,-7.682093917070319e-06
3.601974632546105e-05,-7.677552202186979e-05
-2.9100520619340423e-05,-5.777904527476753e-05
-7.58616385990286e-05,2.7510561662182583e-05
-7.47631606200509e-05,8.1234718552772e-05
-2.6498312432029083e-05,4.175282028114593e-05
3.848349029313866e-05,-4.563419313320239e-05
7.918661966638974e-05,-8.066143306055174e-05
6.993250458381727e-05,-2.3140560523980755e-05
1.655959389654071e-05,6.093030951093468e-05
-4.726013146516893e-05,7.509128888402857e-05
-8.126418991126719e-05,3.0952986252633424e-06
-6.400033093532248e-05,-7.24514303273461e-05
-6.360188856764311e-06,-6.486946786325333e-05
5.5292163499940195e-05,1.714116032648527e-05
8.206161879147489e-05,7.948392110069758e-05
5.706010657649411e-05,5.0629314526733596e-05
-3.939222309066461e-06,-3.63151544282563e-05
-6.245307849707086e-05,-8.159221876467925e-05
-8.156639891949136e-05,-3.325311209294272e-05
-4.922120140042439e-05,5.3238886350853445e-05
1.4176407287315323e-05,7.864586172449383e-05
6.86301482766273e-05,1.3817414257548735e-05
7.978640625709167e-05,-6.68639825904316e-05
4.060713300451892e-05,-7.082752041649944e-05
-2.419011896356343e-05,6.473663497067219e-06
-7.372609412494004e-05,7.634647155761428e-05
-7.67497022922671e-05,5.862170904779584e-05
-3.135360223192203e-05,-2.6363063578237803e-05
3.382262730648867e-05,-8.109906969653045e-05
7.766067385568867e-05,-4.278474811121226e-05
7.25041494099795e-05,4.4618654085423125e-05
2.1606355753119688e-05,8.082753438157006e-05
-4.292226228988187e-05,2.429785710616212e-05
-8.037197286346242e-05,-6.010957772449267e-05
-6.711664444575162e-05,-7.554887998229174e-05
-1.151890777652882e-05,-4.306384752756991e-06
5.134572606112808e-05,7.187630165241766e-05
8.181730462273514e-05,6.559029426010919e-05
6.067203966591306e-05,-1.5951186910109264e-05
1.2501178940760917e-06,-7.919002796427173e-05
-5.896038647780913e-05,-5.1568852772416835e-05
-8.197395530952506e-05,3.521993266158191e-05
-5.327186038492431e-05,8.159783903492215e-05
9.038305266491597e-06,3.435327479301072e-05
6.56463515726697e-05,-5.230622723775243e-05
8.083945559337678e-05,-7.895072707988926e-05
4.503262077652442e-05,-1.5010161607177678e-05
-1.9184354501007835e-05,6.615164872506467e-05
-7.12983189546045e-05,7.141283561951945e-05
-7.843165727076827e-05,-5.2621353202703375e-06
-3.608407822784545e-05,-7.58985958968329e-05
2.9028228242706338e-05,-5.94512986811978e-05
7.582726420893348e-05,2.5207722196914936e-05
7.478846227225305e-05,8.094338070423618e-05
2.6567137992558625e-05,4.380726646634413e-05
-3.8414912186156934e-05,-4.359100255044796e-05
-7.916185346223313e-05,-8.097363279973561e-05
-6.9967235889122e-05,-2.544999345133066e-05
-1.663168496989308e-05,5.927317485782064e-05
4.719654634078195e-05,7.598762622630635e-05
8.124954158607345e-05,5.516807846847059e-06
6.404390160110958e-05,-7.128279370745725e-05
6.434222986256335e-06,-6.629440957917448e-05
-5.5234795392619586e-05,1.4757348195620213e-05
-8.205742064078722e-05,7.887597185392899e-05
-5.711172771396326e-05,5.249467044705318e-05
3.864656554908113e-06,-3.411641835274277e-05
6.240303886261452e-05,-8.158246304447328e-05
8.157273475091713e-05,-3.544351162352636e-05
4.927987634803473e-05,5.136111258075654e-05
-1.4102741261287294e-05,7.923480448976797e-05
-6.858838211667144e-05,1.6197409589020874e-05
-7.980313864758047e-05,-6.542318738533182e-05
-4.0671740101331814e-05,-7.197868604004645e-05
2.411873509236973e-05,4.051176857437056e-06
7.369337044219153e-05,7.543162672201358e-05
7.67765083305306e-05,6.026388131871864e-05
3.142293803327909e-05,-2.4047787491570873e-05
-3.375484278502644e-05,-8.076663393845667e-05
-7.76375772453196e-05,-4.4816365349338564e-05
-7.25405116179621e-05,4.255365059558057e-05
-2.1679143612444345e-05,8.109794817185108e-05
4.285927913065726e-05,2.6593295309039498e-05
8.035887206585871e-05,-5.842242753611379e-05
6.716185947586158e-05,-7.640531432658514e-05
1.1593814158253956e-05,-6.723711020601878e-06
-5.128868907299524e-05,7.067120796160883e-05
-8.18144426659227e-05,6.697967906011739e-05
-6.0725302100906816e-05,-1.3561436153901728e-05
-1.32578974196162e-06,-7.854138963712708e-05
5.89103397898599e-05,-5.340517620819705e-05
8.198140804314295e-05,3.3005484078494215e-05
5.3332253136051634e-05,8.154561997134333e-05
-8.96317515627711e-06,3.65229155262574e-05
-6.560416779666299e-05,-5.040395651300827e-05
-8.085712597279199e-05,-7.949803376517187e-05
-4.509912521384881e-05,-1.7378867601416337e-05
1.9111092162460224e-05,6.467914922837561e-05
7.126480854108361e-05,7.25256869746266e-05
7.845931708525317e-05,-2.8409334467859506e-06
3.615555889194418e-05,-7.494686316157777e-05
-2.8958161770817034e-05,-6.106070392627525e-05
-7.58031116292368e-05,2.2883880663502827e-05
-7.482573537362819e-05,8.057121520941124e-05
-2.6642408807105657e-05,4.581349593306335e-05
3.834927036426552e-05,-4.150835547768234e-05
7.914753785200953e-05,-8.120393860850663e-05
7.001353640446629e-05,-2.7728732279921023e-05
1.6709464550845395e-05,5.7560636368016196e-05
-4.713651147533216e-05,7.680601958777897e-05
-8.124540226007879e-05,7.926873584535053e-06
-6.409850072114908e-05,-7.004636207360443e-05
-6.513155485716363e-06,-6.765007323182099e-05
5.518148924010759e-05,1.2365286091743853e-05
8.20636459866233e-05,7.819215822839779e-05
5.7173774261198696e-05,5.4303501670978825e-05
-3.7859009892854447e-06,-3.18905917313538e-05
-6.23574231730828e-05,-8.149353999326623e-05
-8.158929535853928e-05,-3.759332890366309e-05
-4.934837544837349e-05,4.9439415643362466e-05
1.4025480926186379e-05,7.97461640268736e-05
6.855124060147639e-05,1.8554920352827606e-05
7.982977315255555e-05,-6.392467492624784e-05
4.0745528058439745e-05,-7.305854055565149e-05
-2.404431418285326e-05,1.6321366823380412e-06
-7.36653804500361e-05,7.44491225822954e-05
-7.681278269483796e-05,6.184520822393994e-05
-3.1500730273765674e-05,-2.171717009048967e-05
3.36845757547615e-05,-8.036096923678389e-05
7.76192472574737e-05,-4.680109708411586e-05
7.258582228958008e-05,4.04558958040391e-05
2.175963075865596e-05,8.129421380625807e-05
-4.279435211529668e-05,2.8858406276906174e-05
-8.03505125295454e-05,-5.668750187388971e-05
-6.721545843409724e-05,-7.719130810648043e-05
-1.167567859145516e-05,-9.128833308040936e-06
5.123013040017509e-05,6.940660498105468e-05
8.181613617892003e-05,6.830670242143988e-05
6.078627353200075e-05,-1.1165298807347139e-05
1.4077282049005814e-06,-7.782545455374747e-05
-5.885898442622824e-05,-5.519102796376764e-05
-8.199298751077229e-05,3.0766787678972384e-05
-5.339954200484274e-05,8.142274581883072e-05
8.882439306209863e-06,3.865701500438816e-05
6.556071911729113e-05,-4.846135103113147e-05
8.087829104916901e-05,-7.997586168734618e-05
4.517165572600331e-05,-1.9729096539897357e-05
-1.90327050302805e-05,6.315294411414936e-05
-7.122975812186356e-05,7.357470643984661e-05
-7.84896197026558e-05,-4.200504917194025e-07
-3.62322458947136e-05,-7.393159619692013e-05
2.8883147088276534e-05,-6.261607192825362e-05
7.57767891176295e-05,2.0542143471977575e-05
7.486462070063546e-05,8.012978292473079e-05
2.6722166827152962e-05,4.777905168076251e-05
-3.827859574330837e-05,-3.939066625477774e-05
-7.913022483139182e-05,-8.136377131842364e-05
-7.006044103749638e-05,-2.9982991059424365e-05
-1.6791234761607668e-05,5.5798019872208415e-05
4.707105958654654e-05,7.75573561702323e-05
8.123724310812733e-05,1.0330474832215457e-05
6.415275089175965e-05,-6.874791143697685e-05
6.595874579553921e-06,-6.894660619107157e-05
-5.5122062139638275e-05,9.9609082634736e-06
-8.2064705112127e-05,7.743826010598491e-05
-5.7234657548898646e-05,5.606522977062593e-05
3.7032943177619474e-06,-2.9634071299348808e-05
6.230479425319471e-05,-8.133096908339716e-05
8.159957991156873e-05,-3.9711477180621026e-05
4.9415127350424484e-05,4.747031111903257e-05
-1.3944054620800083e-05,8.018516797933454e-05
-6.850611333931989e-05,2.0898663320219826e-05
-7.984918131229413e-05,-6.236481002767123e-05
-4.0817292102394944e-05,-7.407217382962493e-05
2.3965144716624174e-05,-7.9238597225862e-07
7.362837305279431e-05,7.339507755697726e-05
7.684107850880681e-05,6.337100820758934e-05
3.157655815240937e-05,-1.9361753335014663e-05
-3.3608751155452537e-05,-7.98780917695484e-05
-7.759092404714014e-05,-4.874487800218706e-05
-7.262269239817539e-05,3.831527435972428e-05
-2.1838521188541225e-05,8.141255172793158e-05
4.2722919644718324e-05,3.110005899548947e-05
8.03312887841085e-05,-5.4894176740317185e-05
6.726041425973497e-05,-7.790371340975449e-05
1.1756551238547993e-05,-1.152973310090602e-05
-5.116407397060448e-05,6.807162393160706e-05
-8.180627101031872e-05,6.956923031047829e-05
-6.083868517119884e-05,-8.75369234988402e-06
-1.48945047884226e-06,-7.703153755227843e-05
5.879923401208866e-05,-5.692566919913548e-05
8.19926148876275e-05,2.8493716819535176e-05
5.3458646158974406e-05,8.121913899807814e-05
-8.801044627335597e-06,4.0756465326061924e-05
-6.550810500666443e-05,-4.6467589828143786e-05
-8.088737128566823e-05,-8.037527619091743e-05
-4.5236584771391634e-05,-2.2063398774714488e-05
1.895276669859695e-05,6.156201190670276e-05
7.118496031022122e-05,7.455247915304393e-05
7.850795069677539e-05,2.0045286747396915e-06
3.6302038131486974e-05,-7.28421022132709e-05
-2.8805798376083112e-05,-6.41116670759245e-05
-7.574039785345502e-05,1.817754008565022e-05
-7.489187487337498e-05,7.960929081059163e-05
-2.679577147221925e-05,4.969980560340804e-05
3.82049374271791e-05,-3.723260967381757e-05
7.910269230119764e-05,-8.144455887471293e-05
7.009614440849193e-05,-3.220982541373878e-05
1.686757144713273e-05,5.3980311221483055e-05
-4.700209900510661e-05,7.82344057034923e-05
-8.121887906065191e-05,1.2725313157065494e-05
-6.419632994487102e-05,-6.738325358916547e-05
-6.673852268345749e-06,-7.017792655377891e-05
5.505871454037633e-05,7.546591921993652e-06
8.205567357049456e-05,7.661128410491505e-05
