9.260949219859963e-05,5.737265257900953e-05
-7.563464218530874e-06,-8.575977187087314e-05
-0.00010296483268449555,-0.00013057922164275027
-0.00013340295813244846,-2.5705185703309862e-05
-7.96732132618724e-05,0.00010863703053515619
2.4325020500196445e-05,0.00011844008745831416
0.00011297632299812122,-7.534191965642258e-06
0.00013034783566502742,-0.00012487146146263325
6.54790521600155e-05,-9.90586748803253e-05
-4.070270422535653e-05,4.031280843072579e-05
-0.00012120435804607751,0.00013347036368131595
-0.00012523491557869484,7.36203212699232e-05
-5.0251066000272295e-05,-7.06262060502721e-05
5.643796397294888e-05,-0.00013390805710997803
0.00012751903985905045,-4.36806835665566e-05
0.00011814488233014292,9.662078766825654e-05
3.4229628690369696e-05,0.00012615790970609147
-7.128240309652176e-05,1.1070595851299376e-05
-0.0001318206693623797,-0.00011670710614990484
-0.00010918967246296766,-0.00011069396252376283
-1.7667696934791083e-05,2.221586586197932e-05
8.500163520300084e-05,0.00012965705942963546
0.00013404132892851604,8.846194943562889e-05
9.851070376589192e-05,-5.414334053386784e-05
8.26798381356121e-07,-0.0001346789498434859
-9.737904106682409e-05,-6.0821394019614685e-05
-0.00013414600446620868,8.275961770609803e-05
-8.62766386927981e-05,0.0001314658271146322
1.6027158255017866e-05,2.946247568815491e-05
0.00010821924687922292,-0.0001063149602520398
0.00013213310300436647,-0.00012021425379793305
7.268068193418328e-05,3.6972607519431582e-06
-3.262806388661091e-05,0.00012336910490936688
-0.00011735113355977325,0.00010161234823057156
-0.00012803444068721801,-3.663021917840756e-05
-5.793745777773401e-05,-0.00013287936638164505
4.871393027274102e-05,-7.679765996365689e-05
0.00012463062099854336,6.732258393409731e-05
0.0001219147427321144,0.00013426425067624632
4.227969644985585e-05,4.7287654126712286e-05
-6.40308246137805e-05,-9.389759627402752e-05
-0.00012994281758415616,-0.00012743923562662577
-0.0001138706494629517,-1.4886925416887555e-05
-2.595453511932822e-05,0.00011473030893163461
7.83370980001989e-05,0.00011282180696262107
0.00013320401067855363,-1.8423269242440845e-05
0.00010402916676135957,-0.00012854698242049248
9.219602146115663e-06,-9.130594693853931e-05
-9.140697066577146e-05,5.0606024155226874e-05
-0.00013436264086738592,0.000134502857799883
-9.25454944959749e-05,6.420744001951954e-05
7.661047949246643e-06,-7.969346553708957e-05
0.00010303416359384412,-0.0001322339431628555
0.0001334004541284369,-3.3183438886099844e-05
7.960094656200258e-05,0.00010390702744056148
-2.4420945723039892e-05,0.00012187916168182601
-0.00011303514765555863,1.3109982513804144e-07
-0.0001303326218008021,-0.00012176619327698177
-6.5399834938454e-05,-0.00010407186383939002
4.0795491986359176e-05,3.2928472138211537e-05
0.00012125195924502552,0.0001321790645793054
0.0001252074168026236,7.990105620384409e-05
5.0166216080224684e-05,-6.397379057877876e-05
-5.65261977726644e-05,-0.00013450909209870108
-0.00012755475786398808,-5.084486445127663e-05
-0.00011810565358470754,9.110655102021147e-05
-3.4140577740696106e-05,0.00012861395021147493
7.136464578344349e-05,1.8680077407265687e-05
0.00013184394549444568,-0.00011266773802337012
0.00010913934526690277,-0.00011485427415909055
1.7575859057450525e-05,1.462643192643394e-05
-8.507659729909472e-05,0.00012733902529418918
-0.00013405181552484172,9.407154905103774e-05
-9.845008956695378e-05,-4.703806000449612e-05
-7.336339188223619e-07,-0.00013422342339319569
9.744547764149764e-05,-6.753672667661194e-05
0.00013414340803657917,7.657288474430574e-05
8.620657689513372e-05,0.00013290007809104126
-1.6120169020544754e-05,3.687248117415589e-05
-0.00010827596522839641,-0.00010142492832944496
-0.00013211725020316695,-0.00012345005436592313
-7.260211754091322e-05,-3.9539516014746585e-06
3.271945970523799e-05,0.00012007464013724905
0.00011739707216107275,0.00010645139320347163
0.00012800534995177298,-2.920589680755126e-05
5.7851499496964046e-05,-0.0001313817566066872
-4.880219308855957e-05,-8.294366306129419e-05
-0.000124664802255014,6.0579418040102064e-05
-0.00012187261423923326,0.00013465500159004734
-4.218761717479849e-05,5.436444528261951e-05
6.411436483078608e-05,-8.824821488890986e-05
0.00012996433044407953,-0.00012969441414736603
0.00011381584411118531,-2.24614425271972e-05
2.585780574130219e-05,0.00011052043430651967
-7.841425246652307e-05,0.00011680349230596216
-0.00013321206021588454,-1.0814436751510912e-05
-0.00010396233774262383,-0.00012603428154156122
-9.119940004039287e-06,-9.677067288042656e-05
9.147605887395861e-05,4.3428385360508144e-05
0.00013435673077664446,0.000133841258761051
9.246767132282977e-05,7.082114267804446e-05
-7.76172618650539e-06,-7.338605807008192e-05
-0.00010309356934613699,-0.00013346415167293124
-0.0001333802514373444,-4.054189989027075e-05
-7.951331912489964e-05,9.885561042326189e-05
2.452066136322435e-05,0.0001249263135589211
0.0001130833893564305,7.784686598501939e-06
0.0001302980976091053,-0.00011827973369630445
6.530381118559272e-05,-0.0001087501663420118
-4.089231862111462e-05,2.5447269416608915e-05
-0.00012128783430376345,0.00013047095678445553
-0.00012515892118870908,8.592526885279874e-05
-5.0063490428097484e-05,-5.712186148794181e-05
5.661821029326386e-05,-0.00013468417562183298
0.00012757738722587707,-5.7847622751263647e-05
0.00011804389291468977,8.530238614498615e-05
3.4032979560459746e-05,0.00013066216238722127
-7.145007950233548e-05,2.623432267316701e-05
-0.0001318527690196931,-0.00010826589337481267
-0.00010906533406570525,-0.00011865126982931438
-1.7465319306114077e-05,6.981455973623301e-06
8.515383559947964e-05,0.00012460855467865206
0.00013404650510939414,9.938629040750632e-05
9.836493508267505e-05,-3.9768672208828066e-05
6.219674188018428e-07,-0.0001333314286658469
-9.751315433303087e-05,-7.404554532637065e-05
-0.00013412390863032218,7.012255222709483e-05
-8.611155294587407e-05,0.00013390148749773957
1.6231205655890603e-05,4.417874975977161e-05
0.00010833293712038656,-9.618723775492327e-05
0.00013208373265978428,-0.00012628428195091273
7.249861030136253e-05,-1.1612335995329834e-05
-3.282807250213386e-05,0.00011636921446959297
-0.00011744222345349338,0.00011094593832095004
-0.00012795808463673936,-2.1662279108392374e-05
-5.77410001422503e-05,-0.0001294346819068265
4.890663038596064e-05,-8.882472196885638e-05
0.00012469725584343582,5.3610398099555935e-05
0.00012181212939105804,0.00013458508057691474
4.207171845827777e-05,6.127361773289212e-05
-6.421297350275333e-05,-8.227857768148193e-05
-0.00012998337377459642,-0.0001315058995897431
-0.00011374284276411167,-2.9977557183705347e-05
-2.5738217803278542e-05,0.00010591402901444692
7.85053524580244e-05,0.00012038585530282168
0.00013321712571530777,-3.149593475612584e-06
0.00010387773065082894,-0.00012307178819773588
8.998496269843036e-06,-0.0001019053143746648
-9.155804615853746e-05,3.608215189551007e-05
-0.0001343474418457861,0.00013270307432771563
-9.237254224330741e-05,7.719472458951227e-05
7.883154778946462e-06,-6.68064050877191e-05
0.00010316493200025142,-0.0001342194068063406
0.00013335639341389576,-4.7765426097760754e-05
7.940886392149377e-05,9.344376779684347e-05
-2.464023958379036e-05,0.00012752853604545319
-0.00011314282996275938,1.541719783943284e-05
-0.00013025974274195776,-0.0001143657183638767
-6.519147629832261e-05,-0.00011304004190055794
4.1008151906623745e-05,1.7871852720535566e-05
0.00012133426914416269,0.00012829328787874179
0.00012510652043666714,9.16402845511591e-05
4.994493194984159e-05,-5.006617408298551e-05
-5.672852246619123e-05,-0.0001343752567394152
-0.00012761004987647457,-6.463815770784257e-05
-0.0001179781772691366,7.919729852555586e-05
-3.390997422651632e-05,0.0001322402012161651
7.155318246640925e-05,3.3685065725718135e-05
0.00013187113073060964,-0.00010348410432611254
0.00010898728140126654,-0.00012201908605044468
1.733974728293899e-05,-6.738645436303908e-07
-8.52481006951926e-05,0.00012144181800721972
-0.0001340502510794509,0.00010433734900270398
-9.827576385714297e-05,-3.237679451630096e-05
-4.958037364241232e-07,-0.0001319727301657359
9.759717246013304e-05,-8.027659881621562e-05
0.00013411311100442182,6.344594911940857e-05
8.601278378864173e-05,0.00013443331068318208
-1.6355950404657916e-05,5.13084035365152e-05
-0.0001084054638197363,-9.063395523784946e-05
-0.00013205870828968802,-0.0001286735742723997
-7.239190550325954e-05,-1.9204370871794736e-05
3.294947114174242e-05,0.00011227857636380694
0.00011750229625570088,0.0001150461727470871
0.0001279194261011704,-1.4072272564326986e-05
5.7628125988827956e-05,-0.00012705661685562396
-4.9022870760432264e-05,-9.438482722218715e-05
-0.00012474418928822456,4.648668584720997e-05
-0.00012176073010625415,0.0001340648613709425
-4.195454746042165e-05,6.795334831945354e-05
6.432242210989443e-05,-7.605688085195331e-05
0.0001300168035247645,-0.00013287524339973458
0.00011367976290262463,-3.7368297542748874e-05
2.561852356899269e-05,0.00010097487478046196
-7.860663090573572e-05,0.00012356098299204076
-0.00013323685944861464,4.500130561681436e-06
-0.00010380404215919792,-0.00011971727763491636
-8.877902209952892e-06,-0.00010669215177503064
9.164999083901274e-05,2.8641171546409425e-05
0.00013435352158544221,0.0001311384013257616
9.228945890984687e-05,8.330075982727071e-05
-8.003037550562131e-06,-6.002901266165163e-05
-0.00010324661890786703,-0.0001345403963370034
-0.0001333491747534193,-5.481766359431138e-05
-7.931781675439431e-05,8.774420528130157e-05
2.4757784549778842e-05,0.00012971584561923162
0.00011321339979065908,2.2984963316001802e-05
0.00013023966211332346,-0.00011009234568488716
6.50938952440049e-05,-0.00011696053089493609
-4.11218154285205e-05,1.0250551891823307e-05
-0.00012139297642828708,0.0001257074041120885
-0.0001250740303414049,9.705506925842843e-05
-4.9842202307031263e-05,-4.285657233260911e-05
5.683682365368364e-05,-0.00013363520571186467
0.00012765622385394837,-7.12172124616957e-05
0.00011793384942485468,7.283950787652027e-05
3.3803558104911225e-05,0.00013339173674530394
-7.165466301723736e-05,4.1027316414842975e-05
-0.00013190424304401502,-9.836635071507033e-05
-0.00010893186573217825,-0.00012499259075172676
-1.7231209522721657e-05,-8.331613582371625e-06
8.534139078954235e-05,0.00011787673784418821
0.00013407002236879965,0.00010895202284474982
9.821027506880539e-05,-2.4870567895497078e-05
3.868345007771609e-07,-0.00013017824101684342
-9.768095300265218e-05,-8.625142762659068e-05
-0.0001341194248294117,5.654911981102325e-05
-8.593840582069042e-05,0.00013451932836201753
1.6463603491032014e-05,5.8279355238840875e-05
0.00010847854970623228,-8.476724650906567e-05
0.0001320517032517012,-0.0001306352281257153
7.230996788130104e-05,-2.67465114535749e-05
-3.305418492727591e-05,0.00010779990095167241
-0.00011756381703704062,0.00011876412930052277
-0.00012789953630701426,-6.418691310903028e-06
-5.754012020481711e-05,-0.00012423916322704354
4.912298971293882e-05,-9.96325680281848e-05
0.00012479334569074995,3.9188243964723747e-05
0.00012172849559977291,0.00013308045007162737
4.1861972324525254e-05,7.441099259549279e-05
-6.441651320166721e-05,-6.955852155432622e-05
-0.00013005316679559544,-0.00013378384994287268
-0.00011363602979927598,-4.4642089995248264e-05
-2.5522945419246603e-05,9.567273824712824e-05
7.86933822163739e-05,0.00012630707177514673
0.00013326017508782695,1.2146475600223767e-05
0.00010374973876914792,-0.00011593456849892317
8.78084399669783e-06,-0.00011110804137028776
-9.17282716824919e-05,2.1088655499217143e-05
-0.0001343637792315703,0.00012910563976395643
-9.222571341555067e-05,8.911682188592647e-05
8.100047758603493e-06,-5.303109423324151e-05
0.00010331543825300219,-0.00013438129546867366
0.00013334654912821513,-6.167871462890355e-05
7.924584341578223e-05,8.172784566144742e-05
-2.4853232971878074e-05,0.00013143967775300472
-0.0001132718753065329,3.047186941445926e-05
-0.0001302243826949757,-0.00010542459601844869
-6.501489685303155e-05,-0.00012046142878343513
4.121425210080674e-05,2.595250843131369e-06
0.00012144029256577699,0.00012267291713962772
0.0001250464669085504,0.00010211853799422966
4.9757516291033144e-05,-3.550063764296884e-05
-5.692475120891933e-05,-0.00013241877250445234
-0.00012769164031811863,-7.753324939934879e-05
-0.00011789444258735374,6.623231388218615e-05
-3.371451899049467e-05,0.00013406692170541348
7.173671718705706e-05,4.820935307099347e-05
0.00013192723531287666,-9.291143277070272e-05
0.00010888127128112768,-0.00012751732559068615
1.7139244878022617e-05,-1.594026649208742e-05
-8.541621765562396e-05,0.00011390706970525454
-0.00013408010578864815,0.00011317119604976264
-9.814916961219991e-05,-1.7300632617416328e-05
-2.933855535593486e-07,-0.00012793595495671435
9.774723912236222e-05,-9.190644675476943e-05
0.00013411622950881247,4.9480755452236636e-05
8.586758205739476e-05,0.00013414094877094211
-1.6557083162773645e-05,6.50239502851671e-05
-0.0001085350970618438,-7.863256336614527e-05
-0.00013203505212621826,-0.0001321434138391651
-7.223041248013882e-05,-3.416796482113208e-05
3.3146149379952205e-05,0.00010297387962562248
0.00011760948844629672,0.00012206623706430374
0.00012786942523504384,1.2254980636355147e-06
5.7452978566264964e-05,-0.0001210168386251718
-4.921182346065062e-05,-0.00010452635604686676
-0.000124827055461192,3.178901324819811e-05
-0.00012168507959204952,0.00013165883550252455
-4.1768606868947365e-05,8.0596957896347e-05
6.450048419859064e-05,-6.285688026326417e-05
0.000130073925612752,-0.00013424984533554047
0.00011357976163238835,-5.174179664859791e-05
2.5424991097197163e-05,9.007865644465277e-05
-7.87707232786485e-05,0.00012863222608744951
-0.00013326727744625438,1.9725702784697538e-05
-0.00010368145499378021,-0.00011179024261473509
-8.680174110895499e-06,-0.00011515027244406032
9.179723951697718e-05,1.349334579363801e-05
0.00013435667486729136,0.00012666459622194545
9.214642579503905e-05,9.462918486895323e-05
-8.201485790933101e-06,-4.58839989884158e-05
-0.00010337439683961164,-0.00013379297661824998
-0.00013332497125806753,-6.832453488981054e-05
-7.91567915045926e-05,7.546581076123538e-05
2.4953501367659106e-05,0.00013274044201113687
0.0001133194565342682,3.7845420365569896e-05
0.00013018845545575416,-0.00010043037736785333
6.491763727022567e-05,-0.00012357234843920865
-4.131138402387917e-05,-5.055916982344784e-06
-0.00012147541323559433,0.00011925186963509348
-0.00012499667528829742,0.00010685022572620384
-4.965378795803317e-05,-2.8038880375995424e-05
5.70168920127853e-05,-0.00013078024968268443
0.00012771352668711883,-8.35974193980259e-05
0.00011783159192293768,5.941549712790687e-05
3.360616831563864e-05,0.0001343115686323063
-7.182214838520116e-05,5.523637096022199e-05
-0.00013193534134305036,-8.715581341967733e-05
-0.00010880627823842355,-0.0001296308976067875
-1.7028051188066163e-05,-2.3501695688668258e-05
8.549342694874561e-05,0.0001095641846303402
0.0001340741438156651,0.00011702534973265439
9.80631370511361e-05,-9.665954014344812e-06
1.8110168828712928e-07,-0.0001252711774881757
-9.781493047559938e-05,-9.726654864073591e-05
-0.0001340961474556072,4.223852495125162e-05
-8.577174139245305e-05,0.0001333172325012587
1.666865629881467e-05,7.156338188245345e-05
0.00010859198830155457,-7.222460421680554e-05
0.00013200090309497232,-0.00013321131931996822
7.212612487015945e-05,-4.148812192596861e-05
-3.325522015711701e-05,9.779102372785773e-05
-0.00011765451470794423,0.00012496087171784778
-0.00012782153218463216,8.880149852560126e-06
-5.734174028858182e-05,-0.00011737516234269768
4.9316664948736034e-05,-0.00010907133679098434
0.00012485931343097926,2.4266502602943664e-05
0.00012162394801932202,0.0001297803536255248
4.165204506865994e-05,8.651517124788133e-05
-6.459932559819522e-05,-5.592512568036463e-05
-0.00013009262822258487,-0.00013424897143469948
-0.0001135060889317151,-5.8672323821046424e-05
-2.5304868519251283e-05,8.416023928108128e-05
7.886185494800684e-05,0.00013050882726562367
0.0001332718416316023,2.7245824955604853e-05
0.00010359614613477843,-0.00010724592331443375
8.558326431947276e-06,-0.00011878962880231357
-9.187900728575415e-05,5.842382758042227e-06
-0.0001343466471318715,0.0001237713299321757
-9.205050090816651e-05,9.980895863589077e-05
8.323221784790069e-06,-3.856897274103266e-05
0.0001034453368331029,-0.00013272691072292782
0.00013330020817603477,-7.47282366841225e-05
7.90515664838833e-05,6.893308029684124e-05
-2.507319940619412e-05,0.00013356606380881435
-0.00011337829861542477,4.50817373537563e-05
-0.00013014918767184814,-9.507847052465659e-05
-6.480464976660613e-05,-0.00012623855330322453
4.1427210093815854e-05,-1.2682674875414425e-05
0.0001215212002506206,0.00011540714956828648
0.00012494342180625477,0.00011119344030073677
4.9534720748479925e-05,-2.048767589799883e-05
-5.7127067383804507e-05,-0.00012867692711709668
-0.00012774551672929316,-8.935158198123276e-05
-0.00011776513551039686,5.240113078063843e-05
-3.3482855853693616e-05,0.00013407735556641518
7.192491262247179e-05,6.204929147623436e-05
0.00013195298398553198,-8.110660596719917e-05
0.00010872764324833392,-0.00013127925468713365
1.690241715689954e-05,-3.0956588603629385e-05
-8.558725252047459e-05,0.00010484938867170349
-0.00013407730753608234,0.00012045477058464913
-9.797368761780241e-05,-2.0249473015517084e-06
-5.516799688688756e-08,-0.00012217843470451622
9.789839655984908e-05,-0.00010226675026490141
0.00013408491608427956,3.4878534259968745e-05
8.567299868951432e-05,0.00013203505284522547
-1.6792929531697854e-05,7.782822596685277e-05
-0.00010866395398542379,-6.559545479597653e-05
-0.00013197566174406175,-0.00013381757338739897
-7.201974521721005e-05,-4.8634222552798356e-05
3.3375961723535734e-05,9.229790096421423e-05
0.0001177140911747651,0.00012741807244354513
0.00012778295013404957,1.6470335569869912e-05
5.722949893110988e-05,-0.00011335379678188064
-4.943215725916018e-05,-0.00011322894631698825
-0.00012490593533591657,1.6696446049722624e-05
-0.00012157290324989642,0.0001274764644919202
-4.153566608300562e-05,9.21187682088278e-05
6.470807543714861e-05,-4.883810872885025e-05
0.00013012590700999625,-0.00013380334680289743
0.00011344349744253274,-6.537920178599723e-05
2.5185962001979152e-05,7.798956890235218e-05
-7.89625575907767e-05,0.00013194867395733767
-0.00013329159633401898,3.464596219568979e-05
-0.00010352306220651962,-0.00010236882353704892
-8.438493461662241e-06,-0.0001220270061647634
9.197060125389124e-05,-1.798780731560735e-06
0.00013435305048443218,0.00012048593411284744
9.196822773581867e-05,0.00010464619581610103
-8.442342247777653e-06,-3.115363699107729e-05
-0.00010352681560692306,-0.00013123415100635833
-0.00013329349742119274,-8.087013479906983e-05
-7.896141275891058e-05,6.219655226329597e-05
2.519002385144833e-05,0.00013395754603317652
0.00011344874214589868,5.215352284549183e-05
0.00013012961712267912,-8.943230590846769e-05
6.470790730445856e-05,-0.00012849087878791688
-4.154019884505609e-05,-2.02528500867807e-05
-0.00012157977053549921,0.00011119635413493722
-0.00012491139451648427,0.0001151696919260391
-4.9432780346088125e-05,-1.2881040545762786e-05
5.723468483184315e-05,-0.00012615899247610333
0.0001277914919082619,-9.480964164527467e-05
0.0001177212031828883,4.52222900681741e-05
3.337720149122093e-05,0.00013340653955525389
-7.20257087863466e-05,6.865657418683273e-05
-0.00013198590191191334,-7.479377168686401e-05
-0.00010867266255363124,-0.00013249708731655034
-1.6794724958085807e-05,-3.831029424056679e-05
8.567975951036366e-05,9.978800391278195e-05
0.00013409682758583019,0.00012348748444647518
9.790867655795324e-05,5.6267382122682485e-06
-5.283803692598675e-08,-0.0001186776027681368
-9.798130691179731e-05,-0.00010692978123692874
-0.0001340910015293724,2.739559248787069e-05
-8.559916676149901e-05,0.00013030865351197952
1.6899610338624623e-05,8.383743470891451e-05
0.00010873624282698177,-5.873767762229632e-05
0.00013196853207540305,-0.0001339711519139575
7.193845319083779e-05,-5.562332636294986e-05
-3.347962557804046e-05,8.648353792235297e-05
-0.00011777478497902902,0.0001294424076023357
-0.00012776295767542829,2.401323107939396e-05
-5.7142156744919395e-05,-0.00010893739674160149
4.9531296736438864e-05,-0.00011700062679942166
0.00012495442198534192,9.059707096333814e-06
0.00012154071204679221,0.0001247273095417712
4.1443782998445144e-05,9.740773552626453e-05
-6.480128703236556e-05,-4.157319833346098e-05
-0.000130161743080724,-0.0001328889322344002
-0.00011339986936587533,-7.186277233183906e-05
-2.5091010673275077e-05,7.153950273942176e-05
7.904860675976401e-05,0.00013292454785825787
0.00013331457920869483,4.192852008289454e-05
0.00010346896359888775,-9.712692247008276e-05
8.341983026384893e-06,-0.00012483331028453185
-9.20483708480693e-05,-9.435856002140034e-06
-0.00013436316737747768,0.00011677179907267357
-9.190475150725941e-05,0.00010911125821848699
8.538891113078184e-06,-2.362825533153359e-05
0.00010359528372010789,-0.0001292740496836149
0.00013329079048054085,-8.672084084820648e-05
7.888962625613203e-05,5.524224578096845e-05
-2.5285157825031682e-05,0.00013387048853529053
-0.00011350695323353102,5.903207570798129e-05
-0.0001301142655299419,-8.347351413989725e-05
-6.462904289161297e-05,-0.00013028137253470948
4.163236143370241e-05,-2.773864997144119e-05
0.0001216267972241216,0.00010659661965228365
0.0001248836386918073,0.00011872750059842601
4.93480751561283e-05,-5.245570883558309e-06
-5.732246106613786e-05,-0.00012319865464851024
-0.00012782664832143378,-9.991652697563972e-05
-0.00011768153461213578,3.7903744091454826e-05
-3.3288024427365604e-05,0.00013226567759171425
7.210765759821787e-05,7.499972160108819e-05
0.00013200852151637536,-6.823921568673287e-05
0.00010862158568179306,-0.00013324456084720898
1.670244662285895e-05,-4.550151131154181e-05
-8.575448321336778e-05,9.439765881974175e-05
-0.00013410635419247284,0.0001260767858977352
-9.784681688892093e-05,1.3226125658871077e-05
1.4678805337678885e-07,-0.00011478049988779409
9.80474771442781e-05,-0.0001112019625046934
0.00013408704698994396,1.9852704653595885e-05
8.552735315524797e-05,0.00012814254699096097
-1.699369690825981e-05,8.953079979001729e-05
-0.00010879257819932063,-5.1712472828890145e-05
-0.00013195089319732557,-0.0001336680343336259
-7.185769445224052e-05,-6.238934833849145e-05
3.357222554748855e-05,8.04055628898982e-05
0.000117820051118941,0.000131020477911297
0.00012773158654680986,3.143792104438701e-05
5.705369281258715e-05,-0.00010417823732454335
-4.962063506483697e-05,-0.00012036311730069696
-0.00012498744421998058,1.4305174593251177e-06
-0.00012149584758689454,0.00012157790979749245
-4.134913636837796e-05,0.00010234885477171763
6.488553669292444e-05,-3.4206133628300974e-05
0.0001301816155976509,-0.0001315418686951524
0.00011334213693828824,-7.808032856384044e-05
2.4991972297318316e-05,6.488504896210523e-05
-7.912592391969258e-05,0.0001334621816068699
-0.00013332053754867805,4.904240780374966e-05
-0.0001033991803241986,-9.159193043103369e-05
-8.240450577163083e-06,-0.00012722291331004583
9.211698550135771e-05,-1.7011316971511637e-05
0.0001343547068159987,0.0001126946807462226
9.182396609123261e-05,0.00011320703977929702
-8.64099719902688e-06,-1.6054051646532868e-05
-0.00010365366289982586,-0.00012690422651330876
-0.0001332677961842634,-9.22729745611385e-05
-7.879925254383056e-05,4.8131991568406604e-05
2.5385829628464623e-05,0.0001333531635596597
0.00011355382566411262,6.570185278194162e-05
0.0001300770082253712,-7.726160552681714e-05
6.453069281430197e-05,-0.0001316487144390171
-4.1729701973775996e-05,-3.5119158104974886e-05
-0.00012166119191013638,0.00010166264545013911
-0.00012483270249081927,0.00012189666153897413
-4.924350093903677e-05,2.3952820642659373e-06
5.7414660706589445e-05,-0.000119844310695993
0.00012784780793497098,-0.00010469468033610373
0.00011761763472577316,3.0468880826500947e-05
3.317893240897148e-05,0.00013069625958307048
-7.219310127808735e-05,8.109578967484032e-05
-0.0001320159436940117,-6.146417312709924e-05
-0.00010854563083448397,-0.00013355640751935006
-1.6590557423229474e-05,-5.254384246875219e-05
8.583173731355094e-05,8.869608117698533e-05
0.00013409976933470395,0.00012825139447093266
9.775987961794468e-05,2.0785248614102187e-05
-2.5969176504814267e-07,-0.00011050053948932211
-9.811510986473598e-05,-0.00011510704948115104
-0.00013406628251597767,1.223784783267341e-05
-8.543063792377007e-05,0.00012554552565635584
1.7105804710346467e-05,9.492845200021485e-05
0.0001088493564590201,-4.4506299644165034e-05
0.00013191606509279063,-0.0001329125256031911
7.175258447613107e-05,-6.895053455212669e-05
-3.368175979122463e-05,7.404752611605393e-05
-0.00011786488248770537,0.00013215263373524223
-0.0001276829830258903,3.876259868035278e-05
-5.694170421362289e-05,-9.905603384374391e-05
4.972576646005354e-05,-0.0001233138781405036
0.0001250193471460918,-6.211015777452116e-06
0.00012143396150782766,0.00011800377283398317
4.123194414753274e-05,0.0001069381503540838
-6.49844608714932e-05,-2.671373752684571e-05
-0.00013019978924500638,-0.0001297335772486116
-0.00011326767193711771,-8.402809849031954e-05
-2.4871352217691048e-05,5.7998699754702265e-05
7.921687364788217e-05,0.00013352975744633635
0.00013332432406952042,5.59856235607895e-05
0.00010331298644381681,-8.573156771570875e-05
8.118209838455142e-06,-0.0001291618262875004
-9.219836182649913e-05,-2.4526162926918015e-05
-0.00013434374146884076,0.00010821759075205047
-9.172719588540331e-05,0.00011689842327837405
8.762929566901115e-06,-8.426352170535867e-06
0.00010372403208760159,-0.000124083130455578
0.00013324208490513907,-9.749085056570477e-05
7.869329502122334e-05,4.085707717110846e-05
-2.550559408494196e-05,0.00013235958901941698
-0.00011361204258493423,7.21270072183392e-05
-0.00013003684073722123,-7.078349974905163e-05
-6.441711235367823e-05,-0.00013254251089633252
4.1845458133844104e-05,-4.235871117055999e-05
0.00012170632034325594,9.63765191872239e-05
0.00012477865834910738,0.00012462229611459182
4.912404964790368e-05,1.0006702798426277e-05
-5.7524552607215745e-05,-0.00011607240100501683
-0.00012787908000152977,-0.00010908477517702762
-0.00011755054220088243,2.2950636909865315e-05
-3.30554833663222e-05,0.0001286681909937211
7.229547820466736e-05,8.688137859548649e-05
0.0001320330059533293,-5.4498328432860795e-05
0.00010846667353652132,-0.00013339529401568253
1.6465100860124413e-05,-5.937084844751094e-05
-8.592503417955635e-05,8.270799304405376e-05
-0.00013410248143676094,0.00012996629593799833
-9.767040572306629e-05,2.8236112860079035e-05
3.8519989783700305e-07,-0.00010585572770391619
9.81980271647744e-05,-0.00011859249260010474
0.00013405480577624698,4.618684112954895e-06
8.533217205532623e-05,0.00012252741762460874
-1.722945345676404e-05,9.99708244790803e-05
-0.00010892081485368616,-3.718462891688559e-05
-0.0001318908561203212,-0.00013170520520324665
-7.164679930452616e-05,-7.52412243222198e-05
3.380176313174039e-05,6.74708838462448e-05
0.00011792413307039878,0.00013282953751292322
0.00012764473248754815,4.591678835241069e-05
5.683024344711534e-05,-9.362635492742755e-05
-4.984054699366143e-05,-0.00012583331819162645
-0.00012506579370281872,-1.3791180284358398e-05
-0.00012138338523699923,0.00011405289902424487
-4.111635752893576e-05,0.00011114596663924287
6.509260734540446e-05,-1.917098653733558e-05
0.0001302330525285056,-0.00012750292357828326
0.00011320566719692231,-8.966701946804268e-05
2.475321886783222e-05,5.095435494035346e-05
-7.931719376406587e-05,0.00013315565194629858
-0.0001333443771628292,6.27111016526083e-05
-0.00010324070483140996,-7.96161013717551e-05
-7.999159163818766e-06,-0.00013066724416037513
9.228970980962537e-05,-3.192738655186869e-05
0.0001343506175268902,0.00010340473950473463
