# Waketime [ns]	 	DipolX [V/pC/mm]	  	DipolY [V/pC/mm]	 	QuadX [V/pC/mm]	 	QuadY [V/pC/mm]
0.00000000000000	0.00000000000000	0.00000000000000	0.00000000000000	0.00000000000000
0.01000000000000	15.75732640032516	21.20246835187499	-7.92495796277118	5.87696454319130
0.02000000000000	16.34656923109513	23.40905723737204	-8.66580597430574	6.63929911285592
0.03000000000000	16.64092259042931	25.33281897057275	-9.36666398437804	7.35614828732241
0.04000000000000	16.58554912615386	26.83732246259267	-9.93405876175207	7.98149992879180
0.05000000000000	16.36958205543263	27.98019015527544	-10.43482288689970	8.48778116758891
0.06000000000000	16.01524040949852	28.72568217136708	-10.82766402338302	8.85324123124345
0.07000000000000	15.56622560658250	29.07750599377092	-11.09133628841952	9.05099479595971
0.08000000000000	15.17783262115813	29.11988939932625	-11.28382683650307	9.12505767740937
0.09000000000000	14.73031426161264	28.81426498008386	-11.32221242968505	9.03387409491582
0.10000000000000	14.34850707396574	28.26860325392298	-11.28468848610486	8.84989734053143
0.11000000000000	14.01542676766732	27.50803352136531	-11.16026100567700	8.58610425354125
0.12000000000000	13.65551433416873	26.53468565418008	-10.93190524595515	8.25400446676841
0.13000000000000	13.33252859968836	25.43411952082036	-10.65833263803550	7.90631209084955
0.14000000000000	12.94481534655536	24.17571330342503	-10.30701239395591	7.53851335774956
0.15000000000000	12.52597314009199	22.81386833467013	-9.91888475273221	7.18331905435091
0.16000000000000	12.05641344532831	21.36986204981864	-9.50196220088910	6.84533532920502
0.17000000000000	11.51382091988612	19.83211515842076	-9.05277802774362	6.53363412060327
0.18000000000000	10.93365789613062	18.26277119411968	-8.59843812090309	6.24855335362586
0.19000000000000	10.30972656893224	16.66277187374487	-8.13692314486100	5.99191003573594
0.20000000000000	9.66497662705200	15.07139363954870	-7.68110797060482	5.76028523011923
0.21000000000000	9.00454226836530	13.51943136124426	-7.23014250719157	5.54314675365709
0.22000000000000	8.36547376615408	12.03286966437181	-6.79880001877957	5.34361069103401
0.23000000000000	7.73253929654717	10.64467664494219	-6.38006178689122	5.14473047704172
0.24000000000000	7.12052245413086	9.37619967011467	-5.98020451245041	4.94398618610668
0.25000000000000	6.54364963567561	8.25117908523666	-5.60514626748308	4.73522491805508
0.26000000000000	5.97794613291834	7.27033059291811	-5.24458832730179	4.51183828980713
0.27000000000000	5.45843394505744	6.45169013563984	-4.91566228403303	4.27470946382694
0.28000000000000	4.95423821107328	5.77840149770274	-4.60502481981508	4.02126339672405
0.29000000000000	4.47277700680120	5.24016775322808	-4.31540176319882	3.75511160302054
0.30000000000000	4.03159594482054	4.82976581525967	-4.05453469645636	3.48014291332366
0.31000000000000	3.60417152082361	4.50969385637180	-3.80853471280336	3.20184491119393
0.32000000000000	3.21791195882906	4.27203625677481	-3.58875163478997	2.92569894593755
0.33000000000000	2.85786148823642	4.08481575859508	-3.38643905795753	2.65752411990108
0.34000000000000	2.52031659957618	3.92441681610553	-3.19833019811074	2.40277826390086
0.35000000000000	2.22427892492145	3.78791858222123	-3.03248132468463	2.16358078466395
0.36000000000000	1.94361338682001	3.64620195268955	-2.87548968931877	1.94427293455019
0.37000000000000	1.69112808831804	3.50265180561108	-2.73286881543601	1.74491543624832
0.38000000000000	1.46072261860007	3.35139618029098	-2.60090700715249	1.56562518986942
0.39000000000000	1.24324923712488	3.18645522481258	-2.47454640229335	1.40643501746839
0.40000000000000	1.05529168165374	3.02312618519966	-2.36087810173865	1.26272080446484
0.41000000000000	0.87977496970300	2.85000281156299	-2.25072494443380	1.13451186848725
0.42000000000000	0.72424578413839	2.67414762669073	-2.14697386664728	1.01799384583296
0.43000000000000	0.58980468843811	2.49700092422540	-2.04984289253165	0.91066660003563
0.44000000000000	0.46920417837964	2.31211236215509	-1.95626261559084	0.81237635500956
0.45000000000000	0.37047562966551	2.12590800726985	-1.87092956331806	0.72128649375079
0.46000000000000	0.28365405058083	1.93011152573484	-1.79105606184672	0.64030281651901
0.47000000000000	0.20798762071512	1.72433484573907	-1.71830448210255	0.57180353769554
0.48000000000000	0.14385594795792	1.51015390865110	-1.65481231409709	0.51894542461970
0.49000000000000	0.08199368693216	1.28140143520556	-1.59937478487793	0.48722350040706
0.50000000000000	0.02447910094630	1.04217537498896	-1.55460729734098	0.47999698307594
0.51000000000000	-0.03415892829769	0.79021027169133	-1.51972434916288	0.50057421702982
0.52000000000000	-0.09591486682195	0.52611824645511	-1.49423658162626	0.55077962792363
0.53000000000000	-0.15820198857784	0.25512186059273	-1.47907132467084	0.62923913916819
0.54000000000000	-0.22519167796129	-0.02480029740659	-1.47139342188749	0.73362879881826
0.55000000000000	-0.29391465306539	-0.30912737363123	-1.47067840459713	0.85877844365469
0.56000000000000	-0.36377293461740	-0.59687935314251	-1.47462079047798	0.99830491069142
0.57000000000000	-0.43495150500743	-0.88838215703251	-1.48064708926603	1.14536663645382
0.58000000000000	-0.50381173111992	-1.17987587047730	-1.48831393223802	1.29290987590331
0.59000000000000	-0.57100890480959	-1.47439147797192	-1.49404569844323	1.43410739455309
0.60000000000000	-0.63374627034775	-1.77052057142686	-1.49656732550703	1.56300339578323
0.61000000000000	-0.69086108523448	-2.06719254732323	-1.49483135998310	1.67527316162003
0.62000000000000	-0.74135589313440	-2.36414809675523	-1.48677078655843	1.76742170871797
0.63000000000000	-0.78301304135143	-2.65594659978626	-1.47282453378065	1.83796688450612
0.64000000000000	-0.81498305862289	-2.93966499781816	-1.45150292553754	1.88635635805580
0.65000000000000	-0.83618308009269	-3.20860977691614	-1.42287560268328	1.91344558680799
0.66000000000000	-0.84599728454930	-3.45431114011753	-1.38761737076861	1.92143180437985
0.67000000000000	-0.84459231223071	-3.67060327722435	-1.34498504999786	1.91208842832028
0.68000000000000	-0.83177396959854	-3.84724917051278	-1.29634073844387	1.88868338191696
0.69000000000000	-0.80917855750421	-3.97676543055937	-1.24166295769290	1.85323477130054
0.70000000000000	-0.77799186211815	-4.05097645606147	-1.18134290529593	1.80708512701208
0.71000000000000	-0.73971795415520	-4.05960544883028	-1.11703567997749	1.75242427204848
0.72000000000000	-0.69508782099459	-3.99679204704406	-1.04852038266715	1.68774108086572
0.73000000000000	-0.64592977382973	-3.85426781472108	-0.97709486924654	1.61312199837023
0.74000000000000	-0.59384865457628	-3.62670112823002	-0.90364906354735	1.52768813525834
0.75000000000000	-0.53945961431591	-3.31227844659755	-0.82864213792882	1.43018582695719
0.76000000000000	-0.48418443111632	-2.90941374368859	-0.75484285482325	1.32439289080448
0.77000000000000	-0.42857111621382	-2.42606308661057	-0.68219574808418	1.21058032488130
0.78000000000000	-0.37324051797770	-1.87223936304682	-0.61255875328539	1.09396576878069
0.79000000000000	-0.31847122968073	-1.26439010764535	-0.54738811519520	0.98062430260230
0.80000000000000	-0.26299129132850	-0.62528261482001	-0.48680850238510	0.87483780882419
0.81000000000000	-0.20758335685217	0.02157932173828	-0.43231046938013	0.78457351369711
0.82000000000000	-0.15125013626871	0.64930048462386	-0.38317911016500	0.71277722615856
0.83000000000000	-0.09370895382749	1.23428026744235	-0.33939928296676	0.66307464084537
0.84000000000000	-0.03516341086914	1.75870327050936	-0.30134913751615	0.63868648798563
0.85000000000000	0.02453191161487	2.20987711990090	-0.26779039756999	0.63697422474105
0.86000000000000	0.08426327382775	2.58535611205218	-0.23898439923426	0.65797914382331
0.87000000000000	0.14350408711705	2.88873448396258	-0.21423443217484	0.69703599394074
0.88000000000000	0.20145570974360	3.12970637256010	-0.19322264748404	0.74895086248505
0.89000000000000	0.25634769746859	3.32220620966012	-0.17620321702606	0.81041166769115
0.90000000000000	0.30792294964261	3.47773404317808	-0.16191844528778	0.87297754590180
0.91000000000000	0.35510532483416	3.60738027601818	-0.15058721158813	0.93229770346031
0.92000000000000	0.39765347190472	3.71755723154270	-0.14201006743094	0.98263341762977
0.93000000000000	0.43597716725850	3.80978248385156	-0.13546059692430	1.01770641033635
0.94000000000000	0.46954657189527	3.88277361882553	-0.13171482591541	1.03480400597312
0.95000000000000	0.49947634677275	3.93067044986025	-0.12987734544579	1.02738379618232
0.96000000000000	0.52573634771712	3.94724891110752	-0.13012244088342	0.99224073613082
0.97000000000000	0.54869033729560	3.92550457798516	-0.13236178039150	0.92625204300622
0.98000000000000	0.56929595224352	3.85901414413015	-0.13573596573474	0.82560169567443
0.99000000000000	0.58760937178341	3.74419941976117	-0.14029595902862	0.69082587122077
1.00000000000000	0.60401848278772	3.57999726613499	-0.14476932456729	0.52168424923075
1.01000000000000	0.61908756158130	3.37047390940952	-0.14859232495378	0.32159507452779
1.02000000000000	0.63229835093026	3.12213807843095	-0.15136100981166	0.09736908959029
1.03000000000000	0.64393760024651	2.84697740848958	-0.15196351413330	-0.14395470561203
1.04000000000000	0.65278625682595	2.55778187999177	-0.15012752023970	-0.39153434190686
1.05000000000000	0.65922378822216	2.26976388689561	-0.14544473212134	-0.63459252179452
1.06000000000000	0.66338684881187	1.99658852698707	-0.13788193242000	-0.86210068533615
1.07000000000000	0.66531873556262	1.74992333538530	-0.12796383691455	-1.06280605049576
1.08000000000000	0.66596529588166	1.53873360270458	-0.11555312144602	-1.22997660659066
1.09000000000000	0.66607324135962	1.36712084765066	-0.10123525295818	-1.35821727421497
1.10000000000000	0.66650877381329	1.23615973326154	-0.08517914467959	-1.44659973601044
1.11000000000000	0.66812296009658	1.14346259182093	-0.06717868474564	-1.49865827821687
1.12000000000000	0.67099526407576	1.08321512613761	-0.04740284025037	-1.51974754993745
1.13000000000000	0.67604224280963	1.04798229247288	-0.02533112273556	-1.51964617755382
1.14000000000000	0.68354881025941	1.02907680510435	-0.00103076629380	-1.50835753252900
1.15000000000000	0.69368879494153	1.01720207853750	0.02522745082204	-1.49643824039611
1.16000000000000	0.70688129520161	1.00420165335229	0.05301138391263	-1.49414500588784
1.17000000000000	0.72307149137149	0.98161149784839	0.08089486758712	-1.50910827708642
1.18000000000000	0.74227103317915	0.94276024224134	0.10742184988436	-1.54720466012661
1.19000000000000	0.76438770609038	0.88294100128662	0.13047846709170	-1.61082255235724
1.20000000000000	0.78867745436241	0.79771533717123	0.14773526238046	-1.69905549697157
1.21000000000000	0.81482979527139	0.68714587164044	0.15695963319569	-1.80761686934926
1.22000000000000	0.84149528604033	0.55063746243820	0.15606123975673	-1.92904415039576
1.23000000000000	0.86795290531046	0.39207412608918	0.14349415877618	-2.05333805446284
1.24000000000000	0.89269168896025	0.21520899285418	0.11806191702303	-2.16828454624408
1.25000000000000	0.91480732262052	0.02592014466680	0.07940305101537	-2.26132076953535
1.26000000000000	0.93316940677074	-0.16981082747145	0.02773058436063	-2.31954441279010
1.27000000000000	0.94697013147477	-0.36630394961737	-0.03607010524801	-2.33168820319871
1.28000000000000	0.95549710552234	-0.55826365257366	-0.11075949106446	-2.28863473274554
1.29000000000000	0.95828334069373	-0.74148982081498	-0.19468390754473	-2.18406134033567
1.30000000000000	0.95532589748699	-0.91333922891180	-0.28548364951962	-2.01622081798794
1.31000000000000	0.94702858485769	-1.07015814168682	-0.38105447499264	-1.78612336211879
1.32000000000000	0.93345532922810	-1.21168600604708	-0.47898585174683	-1.49879007683422
1.33000000000000	0.91596514974477	-1.33492713190342	-0.57678531405537	-1.16257904815775
1.34000000000000	0.89525750376366	-1.43844274890379	-0.67234772781684	-0.78734919931671
1.35000000000000	0.87279045583050	-1.51882435340460	-0.76353195482949	-0.38496638604842
1.36000000000000	0.84968771022098	-1.57302851661567	-0.84871149363105	0.03280464065592
1.37000000000000	0.82658670534324	-1.59845449881593	-0.92641354187154	0.45423044536302
1.38000000000000	0.80387916516195	-1.59422078667628	-0.99527391850538	0.86781404054235
1.39000000000000	0.78110046652345	-1.56225487678034	-1.05431484215015	1.26380711963360
1.40000000000000	0.75777376159404	-1.50740223332356	-1.10243735924181	1.63284659068686
1.41000000000000	0.73267171686615	-1.43894743260523	-1.13869672440064	1.96713705988751
1.42000000000000	0.70483735900285	-1.36770766670282	-1.16229119982715	2.26051156397552
1.43000000000000	0.67332178630333	-1.30680099364494	-1.17221633137180	2.50742702764852
1.44000000000000	0.63728544587875	-1.26694490856581	-1.16798089429856	2.70484715975835
1.45000000000000	0.59652024958936	-1.25716260895112	-1.14891063837008	2.85109689849590
1.46000000000000	0.55146619956230	-1.28174633775124	-1.11486144781595	2.94674987995313
1.47000000000000	0.50286948146719	-1.34034657228087	-1.06623193815973	2.99465651357798
1.48000000000000	0.45204025113610	-1.42910179240854	-1.00360711533659	2.99948952399542
1.49000000000000	0.40073446996452	-1.53951271518113	-0.92849328995819	2.96808650845514
1.50000000000000	0.35071518132562	-1.66194366848564	-0.84269478578912	2.90758254548852
1.51000000000000	0.30390356050369	-1.78574934212599	-0.74839838784761	2.82527596668594
1.52000000000000	0.26186275903859	-1.90087147544803	-0.64824653820033	2.72764028279198
1.53000000000000	0.22601149087157	-1.99818181540770	-0.54476405001467	2.61900589100529
1.54000000000000	0.19713515433706	-2.07036838301155	-0.44070111919579	2.50200385440738
1.55000000000000	0.17590246499836	-2.11155253603384	-0.33861086159197	2.37693129272008
1.56000000000000	0.16190469954492	-2.11782334309464	-0.24095354544378	2.24207533647456
1.57000000000000	0.15485803280678	-2.08677300251158	-0.14998412818787	2.09505899260480
1.58000000000000	0.15432696016585	-2.01825381387070	-0.06744714590606	1.93251679443670
1.59000000000000	0.15960610377329	-1.91364578441309	0.00501162374850	1.75200949441438
1.60000000000000	0.16979833255882	-1.77623116499747	0.06603891372850	1.55286664168167
1.61000000000000	0.18447085256954	-1.61180116323738	0.11467700624517	1.33566922142030
1.62000000000000	0.20292920981906	-1.42754925624948	0.15016698180212	1.10327511163221
1.63000000000000	0.22455556645337	-1.23167893549855	0.17233901178395	0.85974906298552
1.64000000000000	0.24848881446637	-1.03386601440656	0.18159408722351	0.60948206505749
1.65000000000000	0.27312362716839	-0.84278424509503	0.17860250233265	0.35727760636679
1.66000000000000	0.29716316470092	-0.66622894742552	0.16478709306769	0.10682181756741
1.67000000000000	0.31901004576908	-0.50963765446987	0.14167771235821	-0.13845336371462
1.68000000000000	0.33721394485197	-0.37577878290928	0.11100224028412	-0.37617134133206
1.69000000000000	0.35043632490671	-0.26481037140334	0.07451096438850	-0.60458868873925
1.70000000000000	0.35825966061440	-0.17379226200298	0.03388423788519	-0.82226018480016
1.71000000000000	0.36039510363565	-0.09905763748145	-0.00930429075474	-1.02819727458256
1.72000000000000	0.35752594987879	-0.03471132400008	-0.05377754761311	-1.22100896648597
1.73000000000000	0.35042639124504	0.02410606090180	-0.09854337253327	-1.39878621890913
1.74000000000000	0.34015720199563	0.08345681977635	-0.14301270224581	-1.55886265779139
1.75000000000000	0.32720218239588	0.14774510811390	-0.18709385145709	-1.69775874233294
1.76000000000000	0.31269568777411	0.22172959610590	-0.23085534841525	-1.81145274552874
1.77000000000000	0.29727138669095	0.30942319142098	-0.27461316895592	-1.89596959328894
1.78000000000000	0.28101487804048	0.41411360563825	-0.31873966775928	-1.94795248853971
1.79000000000000	0.26410102827660	0.53841564015711	-0.36350016896551	-1.96470737653476
1.80000000000000	0.24678932737430	0.68419660374457	-0.40891419349997	-1.94523537728040
1.81000000000000	0.22874058299763	0.85111947670086	-0.45489241204991	-1.88987202397538
1.82000000000000	0.21015213218744	1.03890468974579	-0.50116149851043	-1.80040308024296
1.83000000000000	0.19094416883592	1.24395535347333	-0.54710740864551	-1.68009747930929
1.84000000000000	0.17141385546088	1.46324786799426	-0.59201150035136	-1.53342310885272
1.85000000000000	0.15179454824051	1.69041433743813	-0.63491631511477	-1.36569056352859
1.86000000000000	0.13258703915554	1.91947661359666	-0.67482324545739	-1.18251843060157
1.87000000000000	0.11397896352109	2.14292491719628	-0.71071434177658	-0.98946752505949
1.88000000000000	0.09606166197690	2.35304174331549	-0.74149344699004	-0.79177128914899
1.89000000000000	0.07863754821019	2.54246642187222	-0.76626626260998	-0.59397517018625
1.90000000000000	0.06069798591117	2.70395473239873	-0.78413802248631	-0.39994696579986
1.91000000000000	0.04164066044861	2.83218834643810	-0.79442619632220	-0.21274723132637
1.92000000000000	0.02086372606417	2.92300656945990	-0.79689649070310	-0.03438719360828
1.93000000000000	-0.00165363761540	2.97524783513528	-0.79140555631004	0.13384642018397
1.94000000000000	-0.02528105466167	2.99010294805607	-0.77840835599373	0.29167032833598
1.95000000000000	-0.04851662400554	2.97109472856667	-0.75868634289330	0.43959692756079
1.96000000000000	-0.06928154683470	2.92344093307712	-0.73337908872310	0.57870906432977
1.97000000000000	-0.08502649843550	2.85354147729136	-0.70399095635851	0.71033835104679
1.98000000000000	-0.09342706902777	2.76794866374277	-0.67177669152965	0.83556442876949
1.99000000000000	-0.09250893132896	2.67279848834926	-0.63817175035923	0.95502951070374
2.00000000000000	-0.08070445572901	2.57347241937119	-0.60438871174195	1.06880279941518
2.01000000000000	-0.05760351881940	2.47321244817844	-0.57135112299977	1.17627524438991
2.02000000000000	-0.02405832347780	2.37428852500021	-0.53987470054512	1.27637237236328
2.03000000000000	0.01835264337672	2.27586096275562	-0.51048347341444	1.36785067677261
2.04000000000000	0.06770621378662	2.17614863780445	-0.48355739088094	1.44931892977472
2.05000000000000	0.12115052184423	2.07135645409276	-0.45925831650318	1.51957208773184
2.06000000000000	0.17597641839921	1.95807872980822	-0.43756811749307	1.57776338152812
2.07000000000000	0.22977558529407	1.83297257572298	-0.41840940620879	1.62337154395951
2.08000000000000	0.28072366149614	1.69392046894915	-0.40140066924838	1.65614468061598
2.09000000000000	0.32762426433140	1.54051322908634	-0.38613016767120	1.67632939392861
2.10000000000000	0.36965271976067	1.37399221413285	-0.37250079560363	1.68458998555816
2.11000000000000	0.40621411490282	1.19710043608240	-0.36013488034311	1.68139213532622
2.12000000000000	0.43781172318830	1.01425110390979	-0.34899516283692	1.66746852160692
2.13000000000000	0.46419941198926	0.82913550979977	-0.33913349196439	1.64304780431871
2.14000000000000	0.48505901166807	0.64649305156195	-0.33087105243779	1.60821788580691
2.15000000000000	0.49997276435963	0.46925071980726	-0.32474650688738	1.56284965641012
2.16000000000000	0.50903683690636	0.30055786956989	-0.32105724852070	1.50599837280771
2.17000000000000	0.51231727735088	0.14223694749807	-0.32021541367157	1.43680758671534
2.18000000000000	0.51043640464424	-0.00443662557815	-0.32246302678336	1.35453553575505
2.19000000000000	0.50471652165538	-0.13879023958317	-0.32762954272327	1.25847196776771
2.20000000000000	0.49670240161595	-0.26126776501005	-0.33544448320675	1.14887421143202
2.21000000000000	0.48845433605867	-0.37192166132462	-0.34526337200144	1.02678242363972
2.22000000000000	0.48263028937889	-0.47243975898395	-0.35631447940796	0.89437013558328
2.23000000000000	0.48113235040436	-0.56282777047672	-0.36797610019989	0.75497825939212
2.24000000000000	0.48519848847951	-0.64453138449981	-0.37939783160124	0.61240971707614
2.25000000000000	0.49577945561552	-0.71695709460639	-0.38991168284766	0.47076905563890
2.26000000000000	0.51240245882536	-0.77996226037190	-0.39880041059353	0.33360160323919
2.27000000000000	0.53401379388031	-0.83305351758714	-0.40536246874930	0.20371694182162
2.28000000000000	0.55914348974437	-0.87563433336433	-0.40901779399177	0.08315481284851
2.29000000000000	0.58608542583662	-0.90750352957656	-0.40905930687444	-0.02712275889599
2.30000000000000	0.61331234567415	-0.92964752293855	-0.40526843025555	-0.12635452552033
2.31000000000000	0.64029346991176	-0.94284476573403	-0.39730886907351	-0.21420732536860
2.32000000000000	0.66631133447163	-0.95002309027119	-0.38503360685233	-0.29037556745932
2.33000000000000	0.69103752255239	-0.95266114883390	-0.36873328258259	-0.35426842419203
2.34000000000000	0.71427590424754	-0.95363356467034	-0.34866956676731	-0.40521959498343
2.35000000000000	0.73612153440137	-0.95283739892517	-0.32540470007317	-0.44260726443715
2.36000000000000	0.75620627059725	-0.95028910902436	-0.29960856875680	-0.46619154762643
2.37000000000000	0.77439507822551	-0.94284857188087	-0.27197849495747	-0.47633911553267
2.38000000000000	0.79042494718876	-0.92676698063941	-0.24328172520282	-0.47439692206173
2.39000000000000	0.80418638148078	-0.89721408703103	-0.21405770474189	-0.46273652640473
2.40000000000000	0.81554242557101	-0.84920182769920	-0.18497747301511	-0.44437091871248
2.41000000000000	0.82514562501977	-0.77864797665979	-0.15648621395577	-0.42279928798907
2.42000000000000	0.83365812983517	-0.68374650349023	-0.12892393136622	-0.40145356388073
2.43000000000000	0.84209119235650	-0.56502889195549	-0.10275392429254	-0.38303492752569
2.44000000000000	0.85157659364149	-0.42631990502237	-0.07838417056967	-0.36926471549143
2.45000000000000	0.86305609511037	-0.27375385296833	-0.05646283282564	-0.36049230970643
2.46000000000000	0.87820781141790	-0.11466261202038	-0.03759113494947	-0.35592426512076
2.47000000000000	0.89804385511090	0.04289823955794	-0.02258549464464	-0.35381446530735
2.48000000000000	0.92338965119075	0.19221118503294	-0.01244097164475	-0.35187389922698
2.49000000000000	0.95446295493510	0.32812014129743	-0.00825833898757	-0.34795051750822
2.50000000000000	0.99160213880855	0.44855685037175	-0.01081866941052	-0.34082949354165
2.51000000000000	1.03458009314211	0.55466893220612	-0.02098073872292	-0.33014382969461
2.52000000000000	1.08234802884945	0.64821991439873	-0.03927436710308	-0.31669857151259
2.53000000000000	1.13393136569013	0.73454287184100	-0.06625728066516	-0.30215897769181
2.54000000000000	1.18771984279988	0.81705109038885	-0.10186842923914	-0.28873803844182
2.55000000000000	1.24272584891311	0.90103000243311	-0.14587863204894	-0.27882882668712
2.56000000000000	1.29681364755384	0.98793374329797	-0.19776679103966	-0.27428442882536
2.57000000000000	1.34811591039099	1.07848946314564	-0.25686521673694	-0.27608409717279
2.58000000000000	1.39549880191141	1.17116224161122	-0.32217272333545	-0.28410476957328
2.59000000000000	1.43768555813051	1.26235493252342	-0.39272653584034	-0.29682564475188
2.60000000000000	1.47377116004850	1.34734663642259	-0.46749067549254	-0.31147778313662
2.61000000000000	1.50318810954677	1.42084131942835	-0.54532648252887	-0.32455596949271
2.62000000000000	1.52568573510106	1.47691998548689	-0.62490620197341	-0.33223271263848
2.63000000000000	1.54187033554163	1.51314711016207	-0.70476833680525	-0.33076723643817
2.64000000000000	1.55186627481068	1.52640457807709	-0.78326114912104	-0.31709489266086
2.65000000000000	1.55669877414830	1.51870721424822	-0.85856090099457	-0.28882000614058
2.66000000000000	1.55720764573369	1.49227028536856	-0.92882825953088	-0.24461534641813
2.67000000000000	1.55462404788477	1.45316710473785	-0.99225535386686	-0.18413438910717
2.68000000000000	1.54998350035545	1.40811388375435	-1.04716720281672	-0.10783263821960
2.69000000000000	1.54355783968630	1.36461604134931	-1.09209294786069	-0.01725974168928
2.70000000000000	1.53606590856538	1.32985518669979	-1.12598748672692	0.08568876305033
2.71000000000000	1.52748077357368	1.30909488899565	-1.14809288828876	0.19870141271286
2.72000000000000	1.51755940160467	1.30574837322700	-1.15801476567005	0.31928633423877
2.73000000000000	1.50558867889028	1.32026828383539	-1.15559575681908	0.44503249386842
2.74000000000000	1.49109210090560	1.35041900028073	-1.14114902449784	0.57385845849350
2.75000000000000	1.47349159704122	1.39245836374205	-1.11521435662977	0.70390841048506
2.76000000000000	1.45223848823097	1.44117093374695	-1.07842761882369	0.83361993851605
2.77000000000000	1.42677918294769	1.49105517515045	-1.03157609893742	0.96155907299371
2.78000000000000	1.39703670446400	1.53772907293621	-0.97584619823005	1.08676889136468
2.79000000000000	1.36247579538411	1.57791215072949	-0.91243072076624	1.20821871467969
2.80000000000000	1.32317149972977	1.60988748696982	-0.84274942225324	1.32505594138925
2.81000000000000	1.27932488497305	1.63358653795887	-0.76822522342582	1.43621129950897
2.82000000000000	1.23128702041703	1.64979404894612	-0.69039601726523	1.54048322297346
2.83000000000000	1.17994172588784	1.66026235082168	-0.61081169842850	1.63633657546751
2.84000000000000	1.12622628856606	1.66641661866209	-0.53087153300874	1.72200798520372
2.85000000000000	1.07146762854560	1.66951858819402	-0.45187682359162	1.79547367672269
2.86000000000000	1.01712320014505	1.66949243964534	-0.37521427149324	1.85471911253327
2.87000000000000	0.96494504641963	1.66530414858643	-0.30209182899783	1.89798855704631
2.88000000000000	0.91595656238151	1.65466077574962	-0.23368331089476	1.92362445387159
2.89000000000000	0.87121723933726	1.63437194644077	-0.17107183238153	1.93026004534655
2.90000000000000	0.83156934122283	1.60106474938972	-0.11532640780656	1.91724295104633
2.91000000000000	0.79731039035299	1.55166584125805	-0.06742118498297	1.88414112599159
2.92000000000000	0.76835509814425	1.48399134805285	-0.02809680295989	1.83071850033031
2.93000000000000	0.74454517558606	1.39730138294547	0.00189848185224	1.75731086518329
2.94000000000000	0.72526153231412	1.29250448012056	0.02218160664226	1.66414335860184
2.95000000000000	0.70994677633570	1.17241794098422	0.03258028694510	1.55152011253421
2.96000000000000	0.69806928043861	1.04109521453001	0.03303745576938	1.42005967043964
2.97000000000000	0.68850043323806	0.90375542110763	0.02381266062600	1.27054207774313
2.98000000000000	0.68039952253461	0.76597236806355	0.00539548131162	1.10390771254679
2.99000000000000	0.67272659661985	0.63308042938721	-0.02152128218678	0.92186765684943
3.00000000000000	0.66431058493784	0.50924956658819	-0.05606260034030	0.72668237339622
3.01000000000000	0.65391538607701	0.39648903154248	-0.09733248993044	0.52126288202554
3.02000000000000	0.64033198873130	0.29572087104608	-0.14410074038706	0.30913567433950
3.03000000000000	0.62212043997717	0.20478916251274	-0.19495792716421	0.09407355738095
3.04000000000000	0.59830752688196	0.12107573711998	-0.24856948255210	-0.11973918794335
3.05000000000000	0.56817503522972	0.04057078998980	-0.30356696595386	-0.32816366418390
3.06000000000000	0.53087343771724	-0.04116271956191	-0.35853570089409	-0.52743195627137
3.07000000000000	0.48580715803895	-0.12758966169980	-0.41233176349433	-0.71409959055805
3.08000000000000	0.43318801492623	-0.22086680597199	-0.46402635566194	-0.88540966449557
3.09000000000000	0.37386647400244	-0.32118882462927	-0.51311026101598	-1.03930231454720
3.10000000000000	0.30913080419249	-0.42599857497429	-0.55924811751607	-1.17467402402254
3.11000000000000	0.24064323999774	-0.53197771745669	-0.60242977977554	-1.29124708818643
3.12000000000000	0.17107683227635	-0.63276669705711	-0.64287376942959	-1.38944303705632
3.13000000000000	0.10307907116119	-0.72312009688765	-0.68094646718585	-1.47006206815191
3.14000000000000	0.03961245582839	-0.79612033109892	-0.71693096832131	-1.53422586065724
3.15000000000000	-0.01705905052023	-0.84780566381991	-0.75091334179211	-1.58276461806865
3.16000000000000	-0.06425761935296	-0.87408378443972	-0.78297447300517	-1.61603417342599
3.17000000000000	-0.10015224171743	-0.87477525176983	-0.81302468609742	-1.63359094092447
3.18000000000000	-0.12316953817774	-0.85064474474458	-0.84062440427465	-1.63428891404228
3.19000000000000	-0.13273728464502	-0.80542781727628	-0.86538008098023	-1.61643272883018
3.20000000000000	-0.12885077626774	-0.74424720792822	-0.88696031740800	-1.57766404522942
3.21000000000000	-0.11199151405463	-0.67296866654754	-0.90526710415416	-1.51556952264182
3.22000000000000	-0.08384096840248	-0.59817687475483	-0.92039103163788	-1.42824483659834
3.23000000000000	-0.04637688313733	-0.52543549944070	-0.93266017048141	-1.31445708308469
3.24000000000000	-0.00170348654949	-0.45905672854925	-0.94268727076282	-1.17423694043884
3.25000000000000	0.04765175309842	-0.40292029696168	-0.95110778456149	-1.00887431590638
3.26000000000000	0.09983460913631	-0.35893535044857	-0.95901101623145	-0.82032545660562
3.27000000000000	0.15284835505993	-0.32838289691743	-0.96714289541939	-0.61184888068365
3.28000000000000	0.20518895478276	-0.31136318060543	-0.97629392068174	-0.38692214076838
3.29000000000000	0.25593276871548	-0.30708088597888	-0.98710987153540	-0.14934038743981
3.30000000000000	0.30431940699553	-0.31435019917469	-1.00002226235449	0.09699150760306
3.31000000000000	0.34990423565495	-0.33151786765824	-1.01521313487708	0.34825505701311
3.32000000000000	0.39256160961815	-0.35667275153603	-1.03256456845007	0.60040667963058
3.33000000000000	0.43217393205712	-0.38817537182272	-1.05153312633339	0.84920903453063
3.34000000000000	0.46892024062802	-0.42396439785493	-1.07132639125168	1.09034030423749
3.35000000000000	0.50304258003381	-0.46240587180904	-1.09102753275332	1.31950258854641
3.36000000000000	0.53532153906331	-0.50123826070548	-1.10947944209402	1.53280836948166
3.37000000000000	0.56650375944609	-0.53741876982263	-1.12526662922412	1.72685591388736
3.38000000000000	0.59744186889409	-0.56772827220986	-1.13721135707727	1.89951999319514
3.39000000000000	0.62895973672086	-0.58845806976966	-1.14427670972089	2.05036848457010
3.40000000000000	0.66165265093694	-0.59573461635574	-1.14554866560833	2.18032597404312
3.41000000000000	0.69546818482614	-0.58671406694738	-1.14017029172013	2.29161528117768
3.42000000000000	0.73045772358770	-0.55821699189544	-1.12768702640078	2.38779473143334
3.43000000000000	0.76577639842185	-0.50972769009969	-1.10806054132387	2.47280937586367
3.44000000000000	0.80109584655083	-0.44042987932661	-1.08115973227776	2.55016089244097
3.45000000000000	0.83496755064332	-0.35305277533242	-1.04727406074736	2.62278410407598
3.46000000000000	0.86641249281610	-0.25022909964032	-1.00696497882968	2.69202979141522
3.47000000000000	0.89389135568741	-0.13773037003778	-0.96109389192895	2.75735155966644
3.48000000000000	0.91613577543804	-0.02106269356381	-0.91057882523776	2.81613702705839
3.49000000000000	0.93152397138654	0.09279252771740	-0.85638884152817	2.86355677191946
3.50000000000000	0.93891718084554	0.19763363721968	-0.79965017412992	2.89317278788912
3.51000000000000	0.93751417439157	0.28819364414813	-0.74151594869024	2.89776354563081
3.52000000000000	0.92671590977248	0.35996680326486	-0.68310151525584	2.86992060909873
3.53000000000000	0.90656646503093	0.41118413325341	-0.62560365860530	2.80303738895412
3.54000000000000	0.87759770487025	0.44092485987513	-0.57005056687910	2.69228032041363
3.55000000000000	0.84072790481981	0.44968941845431	-0.51765919932661	2.53513581870923
3.56000000000000	0.79743914274551	0.44084208435142	-0.46953670661641	2.33159707625756
3.57000000000000	0.74942087476642	0.41743388704522	-0.42671889731472	2.08464884098721
3.58000000000000	0.69849028756664	0.38409891286919	-0.39014322961464	1.79948617695577
3.59000000000000	0.64694704882421	0.34574254017416	-0.36059272760639	1.48342590009636
3.60000000000000	0.59703324997305	0.30689620158787	-0.33867993830952	1.14551785643698
3.61000000000000	0.55108952345321	0.27256397479318	-0.32485896416240	0.79564486757070
3.62000000000000	0.51122818201193	0.24621324643806	-0.31938085996791	0.44404612135296
3.63000000000000	0.47963605924725	0.23174385746634	-0.32231579098438	0.10095367818508
3.64000000000000	0.45749047267830	0.23092035651919	-0.33348126389173	-0.22409049793069
3.65000000000000	0.44573661456637	0.24588835370463	-0.35277015476273	-0.52226241881882
3.66000000000000	0.44427647036584	0.27667695656307	-0.37985099738437	-0.78627903781701
3.67000000000000	0.45259979453662	0.32322912874149	-0.41425010562038	-1.01008628334586
3.68000000000000	0.46946581315183	0.38429789957758	-0.45547430489706	-1.18918922753033
3.69000000000000	0.49311123792669	0.45787530793843	-0.50300384449673	-1.32089252305928
3.70000000000000	0.52154282296156	0.54087461481931	-0.55619024364226	-1.40388787905810
3.71000000000000	0.55278053996820	0.62904668070832	-0.61416939450642	-1.43868193824605
3.72000000000000	0.58495895711546	0.71745597801058	-0.67602376107916	-1.42756866113496
3.73000000000000	0.61551725425021	0.79995597496730	-0.74063654708307	-1.37424412025521
3.74000000000000	0.64266724229970	0.87037330374814	-0.80679161774478	-1.28394975968084
3.75000000000000	0.66465400656609	0.92249401620642	-0.87307973787546	-1.16333391644869
3.76000000000000	0.67995234978159	0.95120835528244	-0.93818033747802	-1.01996252801359
3.77000000000000	0.68721433830315	0.95264490708459	-1.00064051365166	-0.86210745846256
3.78000000000000	0.68574142975118	0.92532684934279	-1.05947294046042	-0.69787889935882
3.79000000000000	0.67506986323782	0.86951252367215	-1.11359218495469	-0.53517232817243
3.80000000000000	0.65523395595371	0.78814256626106	-1.16230281582843	-0.38080361957910
3.81000000000000	0.62669398710815	0.68595093603712	-1.20519490489849	-0.24008537398711
3.82000000000000	0.59025409388164	0.56874048380749	-1.24203413146336	-0.11658714684840
3.83000000000000	0.54678342292783	0.44352187138069	-1.27282037575958	-0.01196468453037
3.84000000000000	0.49757594431444	0.31534392510162	-1.29765675351090	0.07398997852629
3.85000000000000	0.44458412395375	0.18977079552616	-1.31674201599687	0.14318858221774
3.86000000000000	0.38979514692885	0.07003727960359	-1.33037013145711	0.19881826366109
3.87000000000000	0.33485551284954	-0.04337580322891	-1.33886079831052	0.24489768782760
3.88000000000000	0.28174097404788	-0.15059810972469	-1.34258435022750	0.28578123915543
3.89000000000000	0.23217224801064	-0.25310541457805	-1.34187715349391	0.32551311309836
3.90000000000000	0.18767014607004	-0.35279032935250	-1.33705009478895	0.36749918018876
3.91000000000000	0.14948101891350	-0.45048652228261	-1.32849208615150	0.41422653340023
3.92000000000000	0.11793040659006	-0.54768004038313	-1.31650514527137	0.46711412122103
3.93000000000000	0.09373303312079	-0.64337663722599	-1.30131462782725	0.52659143027570
3.94000000000000	0.07643364817001	-0.73748975687107	-1.28308345713977	0.59207185778552
3.95000000000000	0.06517446018689	-0.82735721683680	-1.26215020703238	0.66253449381408
3.96000000000000	0.05838127147227	-0.91160438229579	-1.23867648324864	0.73653671172949
3.97000000000000	0.05480820892599	-0.98676555571074	-1.21289728018575	0.81232672869747
3.98000000000000	0.05260310701669	-1.05110033599624	-1.18505955950795	0.88817936356917
3.99000000000000	0.05020072752973	-1.10216638138739	-1.15552076287373	0.96234714449629
4.00000000000000	0.04633110909706	-1.13857858464418	-1.12459720702934	1.03311007096763
4.01000000000000	0.04038179210847	-1.15947478515633	-1.09257856072073	1.09871665349577
4.02000000000000	0.03203250184347	-1.16423750503302	-1.05972437598375	1.15728424135432
4.03000000000000	0.02144489713932	-1.15282305173253	-1.02625289938455	1.20697233848426
4.04000000000000	0.00906573925644	-1.12513962923205	-0.99227727981514	1.24581604962886
4.05000000000000	-0.00425156347422	-1.08105976647479	-0.95775485548102	1.27188413491072
4.06000000000000	-0.01756995132406	-1.02088002903263	-0.92257826342053	1.28359268561720
4.07000000000000	-0.03020811159955	-0.94455935913998	-0.88667159549842	1.27984990062895
4.08000000000000	-0.04145489486819	-0.85238419933085	-0.84990834509095	1.26039958191579
4.09000000000000	-0.05076629648200	-0.74452215671424	-0.81225583882892	1.22612467667161
4.10000000000000	-0.05797622582850	-0.62121372093244	-0.77375208157591	1.17888510299025
4.11000000000000	-0.06311465931625	-0.48314049370811	-0.73444921471059	1.12180732696006
4.12000000000000	-0.06664864704125	-0.33145934093264	-0.69463694855645	1.05928431862179
4.13000000000000	-0.06885913355564	-0.16824200452474	-0.65461702742089	0.99641481809596
4.14000000000000	-0.07004966696878	0.00334882601581	-0.61485285047029	0.93901690684886
4.15000000000000	-0.07041204814047	0.17878222348522	-0.57592259620193	0.89301832451358
4.16000000000000	-0.06991443335255	0.35244374283959	-0.53850540665678	0.86409997664830
4.17000000000000	-0.06833302242495	0.51802784002382	-0.50343199967874	0.85704909450456
4.18000000000000	-0.06523950300458	0.66912544527583	-0.47161542621522	0.87528478243120
4.19000000000000	-0.06051907980907	0.79973961088854	-0.44404795974016	0.92061143565419
4.20000000000000	-0.05373742876050	0.90544783677353	-0.42161163624891	0.99236373052104
4.21000000000000	-0.04457477067353	0.98366343841742	-0.40509710745872	1.08751033524408
4.22000000000000	-0.03302243555311	1.03405984929083	-0.39523651378699	1.20097006016934
4.23000000000000	-0.01897254519838	1.05868086408845	-0.39235880961275	1.32555082903076
4.24000000000000	-0.00224555007296	1.06168807552594	-0.39668564608881	1.45288260674223
4.25000000000000	0.01757812646410	1.04928827418406	-0.40830449979277	1.57425159629020
4.26000000000000	0.04069532000312	1.02837395371187	-0.42711175947712	1.68133468729836
4.27000000000000	0.06794313942028	1.00655532248675	-0.45275130453273	1.76679601998219
4.28000000000000	0.09964595274481	0.99043314093052	-0.48478989451307	1.82470421478956
4.29000000000000	0.13653795976467	0.98595281660179	-0.52261585039330	1.85116147733218
4.30000000000000	0.17862269678959	0.99675541998990	-0.56566200165981	1.84417639123175
4.31000000000000	0.22576332912462	1.02471219884653	-0.61298711711861	1.80323353856554
4.32000000000000	0.27736034771326	1.06947923487112	-0.66379210785629	1.72984899581187
4.33000000000000	0.33241313080682	1.12867051246320	-0.71718827687685	1.62671810339110
4.34000000000000	0.38967762858747	1.19883422594391	-0.77222521136136	1.49749497228958
4.35000000000000	0.44795240755677	1.27549112641969	-0.82801159166157	1.34657805531212
4.36000000000000	0.50593505195829	1.35377418700440	-0.88356242517974	1.17873244292391
4.37000000000000	0.56272737329329	1.42995826363515	-0.93792226662180	0.99884331145300
4.38000000000000	0.61724929382943	1.50021560300566	-0.98998913577243	0.81161847609772
4.39000000000000	0.66949827496203	1.56270936029337	-1.03873064190057	0.62151025469528
4.40000000000000	0.71906671021007	1.61607420358797	-1.08303225343727	0.43233092902168
4.41000000000000	0.76566733245319	1.65957222662863	-1.12171569056969	0.24707791290501
4.42000000000000	0.80917538247229	1.69340832377703	-1.15363463708459	0.06773707768259
4.43000000000000	0.84894087930814	1.71673722305667	-1.17781367358311	-0.10465820940016
4.44000000000000	0.88461576880853	1.72990267946800	-1.19332816938810	-0.27019241214042
4.45000000000000	0.91515754975267	1.73053132214622	-1.19955916464128	-0.42975627653844
4.46000000000000	0.94012439196726	1.71784514608953	-1.19614299435685	-0.58493099705090
4.47000000000000	0.95871845415207	1.68887032430668	-1.18319698835235	-0.73740143890287
4.48000000000000	0.97090116188464	1.64163216335923	-1.16121171712224	-0.88868504655330
4.49000000000000	0.97698395646827	1.57436115048477	-1.13105898718690	-1.03964958810821
4.50000000000000	0.97762070273642	1.48623757559279	-1.09414102258353	-1.19005654252592
4.51000000000000	0.97403823369496	1.37775319131540	-1.05216430547533	-1.33831122670107
4.52000000000000	0.96763176053565	1.25094836195189	-1.00703898084046	-1.48143410256881
4.53000000000000	0.95982093242109	1.10878344168221	-0.96085564381307	-1.61492953486432
4.54000000000000	0.95245822248177	0.95656489064196	-0.91561955859158	-1.73312123024733
4.55000000000000	0.94664136691347	0.79925470971267	-0.87323873155600	-1.82957461108080
4.56000000000000	0.94363997450775	0.64329116196424	-0.83530348711405	-1.89746532827992
4.57000000000000	0.94396881420789	0.49341933081936	-0.80310659561350	-1.93016320743258
4.58000000000000	0.94830836182878	0.35418391763216	-0.77753929261179	-1.92216873809082
4.59000000000000	0.95639273565308	0.22814254392939	-0.75908723772707	-1.86904865165357
4.60000000000000	0.96779091959992	0.11626106690023	-0.74785690682630	-1.76856530556465
4.61000000000000	0.98190410792066	0.01803873867434	-0.74362822156133	-1.62069786353492
4.62000000000000	0.99782719393972	-0.06859980623683	-0.74585677173135	-1.42737427048661
4.63000000000000	1.01493680520821	-0.14624224378488	-0.75371201280675	-1.19329014633539
4.64000000000000	1.03253519562264	-0.21756805074122	-0.76607777432152	-0.92508619507985
4.65000000000000	1.05004795930691	-0.28468395450822	-0.78155833971057	-0.63088918389803
4.66000000000000	1.06681988689680	-0.34945121529438	-0.79872845486664	-0.32020167645849
4.67000000000000	1.08219386547255	-0.41235643600325	-0.81574321611396	-0.00297591965476
4.68000000000000	1.09541091924277	-0.47384661473321	-0.83081860127670	0.31124837885876
4.69000000000000	1.10554288935428	-0.53327023416064	-0.84216785622661	0.61389703181024
4.70000000000000	1.11158471234604	-0.58986122522771	-0.84821223242289	0.89836454720037
4.71000000000000	1.11243859524777	-0.64309755223415	-0.84765661600360	1.16005153370978
4.72000000000000	1.10736651888277	-0.69193808405322	-0.83959202711020	1.39698523677002
4.73000000000000	1.09566194801667	-0.73627156329167	-0.82364039195428	1.60944289637454
4.74000000000000	1.07733202970639	-0.77466424506818	-0.79997184999362	1.79933280485148
4.75000000000000	1.05258635034631	-0.80754981514763	-0.76910813393808	1.96987930545507
4.76000000000000	1.02252924320734	-0.83381294810600	-0.73210283422746	2.12464834020896
4.77000000000000	0.98805669248766	-0.85418333368249	-0.69033887700786	2.26697688845276
4.78000000000000	0.95074208631230	-0.86827183677648	-0.64550158161747	2.39958634787646
4.79000000000000	0.91181434636597	-0.87703125445522	-0.59938066119516	2.52399653983019
4.80000000000000	0.87248864325700	-0.88152875951760	-0.55380844576070	2.64055873013659
4.81000000000000	0.83386424541075	-0.88290389940749	-0.51072564606478	2.74870536973335
4.82000000000000	0.79687624635527	-0.88213656754014	-0.47200747687890	2.84700119724985
4.83000000000000	0.76223744543200	-0.88025642829014	-0.43931747855357	2.93327412092259
4.84000000000000	0.73099212674282	-0.87652726643853	-0.41422642593037	3.00518954067184
4.85000000000000	0.70354987511620	-0.87173990097519	-0.39800177970231	3.06001589893334
4.86000000000000	0.68110026680130	-0.86368049077991	-0.39198289522770	3.09510560597687
4.87000000000000	0.66402498633119	-0.85248082460480	-0.39687301399151	3.10756453767992
4.88000000000000	0.65298951022770	-0.83634775786906	-0.41316849083012	3.09435341724296
4.89000000000000	0.64800090796632	-0.81529908833833	-0.44108911305989	3.05236487742198
4.90000000000000	0.64900010990177	-0.78903990835664	-0.48057251896384	2.97883478654401
4.91000000000000	0.65556277063017	-0.75812496123377	-0.53112549841495	2.87108893560075
4.92000000000000	0.66698072556281	-0.72388969599362	-0.59200702726092	2.72701277955713
4.93000000000000	0.68262849433433	-0.68726228574595	-0.66217390893178	2.54560489877628
4.94000000000000	0.70152820749290	-0.64995578034419	-0.74038580996005	2.32675622141736
4.95000000000000	0.72297878962148	-0.61226437617239	-0.82491966551074	2.07170170998235
4.96000000000000	0.74622442801006	-0.57468488940542	-0.91412191197077	1.78351448733879
4.97000000000000	0.77057912814512	-0.53627333847003	-1.00587690440155	1.46645937144744
4.98000000000000	0.79535243123862	-0.49568348110526	-1.09798753959521	1.12645984597415
4.99000000000000	0.82024901128840	-0.45093849078866	-1.18834495770081	0.77097167979218
5.00000000000000	0.84507857748822	-0.40016066788293	-1.27488261927488	0.40865034042586
5.01000000000000	0.86993117454672	-0.34142797407879	-1.35572291429434	0.04876213721257
5.02000000000000	0.89455075965719	-0.27354712283818	-1.42915709487506	-0.29928045683444
5.03000000000000	0.91959914488226	-0.19655572211686	-1.49382080432637	-0.62622492361753
5.04000000000000	0.94483047065712	-0.11108675332814	-1.54853802017291	-0.92423521938228
5.05000000000000	0.96996135894275	-0.01947487094386	-1.59255639347704	-1.18671980999979
5.06000000000000	0.99441543188379	0.07583387308348	-1.62520448323010	-1.40884876872051
5.07000000000000	1.01727628159494	0.17105938727283	-1.64626926121319	-1.58790118682864
5.08000000000000	1.03773663278774	0.26329805492874	-1.65582060875007	-1.72282306746849
5.09000000000000	1.05443955613962	0.34924179043309	-1.65424342404758	-1.81410957480752
5.10000000000000	1.06604829812875	0.42687672452630	-1.64210195804788	-1.86380731648576
5.11000000000000	1.07146864987995	0.49500720518681	-1.62038309207920	-1.87464701754961
5.12000000000000	1.06970681993794	0.55349090887764	-1.59025951511849	-1.85000022317558
5.13000000000000	1.05991245567709	0.60299047790426	-1.55300200097763	-1.79346605857973
5.14000000000000	1.04152324782183	0.64473279510272	-1.50985974106544	-1.70867588904012
5.15000000000000	1.01386233868069	0.67967075410618	-1.46240989408674	-1.59893182440222
5.16000000000000	0.97774397077614	0.71016668974818	-1.41208505754705	-1.46736233414911
5.17000000000000	0.93358216723570	0.73652243855401	-1.36012200393286	-1.31725010022598
5.18000000000000	0.88263709260832	0.76054003400964	-1.30791254646622	-1.15177438928693
5.19000000000000	0.82642764947604	0.78251748018946	-1.25624311210046	-0.97456647053937
5.20000000000000	0.76690303502740	0.80337687206332	-1.20605150030701	-0.78938145096413
5.21000000000000	0.70591321962278	0.82388043128785	-1.15787523256478	-0.60013410500489
5.22000000000000	0.64506089737460	0.84468866008309	-1.11203936518200	-0.41052004401238
5.23000000000000	0.58615511247347	0.86737973478091	-1.06881989370681	-0.22353640784725
5.24000000000000	0.52976294403309	0.89311301638956	-1.02833624352890	-0.04121891236615
5.25000000000000	0.47706095242292	0.92395763757706	-0.99073495928542	0.13571489418790
5.26000000000000	0.42830301268129	0.96070820137811	-0.95603293231438	0.30774627544251
5.27000000000000	0.38370800911268	1.00481582263622	-0.92430499779424	0.47628879415236
5.28000000000000	0.34296277263189	1.05595934968791	-0.89558652625017	0.64338952808221
5.29000000000000	0.30567380837579	1.11333079096921	-0.86980211486936	0.81105822879242
5.30000000000000	0.27131070317752	1.17452870959204	-0.84681598364065	0.98045113697298
5.31000000000000	0.23934472700038	1.23640866827322	-0.82644728943480	1.15176536787711
5.32000000000000	0.20939401160551	1.29508605385572	-0.80858663886252	1.32402007342843
5.33000000000000	0.18072155336495	1.34611312758134	-0.79298750346366	1.49460557443876
5.34000000000000	0.15308408177685	1.38489189433195	-0.77951720606152	1.66001758874193
5.35000000000000	0.12634785891371	1.40771944289189	-0.76812370074742	1.81592729563079
5.36000000000000	0.10025790699898	1.41141267117311	-0.75876253543047	1.95786841872363
5.37000000000000	0.07476769487969	1.39415292668093	-0.75133824682926	2.08148478175269
5.38000000000000	0.05004036873555	1.35508271313238	-0.74571602431725	2.18291896177704
5.39000000000000	0.02621644311933	1.29518532516495	-0.74163737756947	2.25942175455853
5.40000000000000	0.00344457524547	1.21643488767272	-0.73880973179804	2.30912494121776
5.41000000000000	-0.01769914346542	1.12211612099005	-0.73686468991719	2.33122658159874
5.42000000000000	-0.03627202898775	1.01619604976016	-0.73549411735997	2.32629492210766
5.43000000000000	-0.05169153641017	0.90296846119406	-0.73420859531033	2.29538674311681
5.44000000000000	-0.06309816497133	0.78703975911725	-0.73287798685359	2.24056687162109
5.45000000000000	-0.06979645096847	0.67214526873304	-0.73137212183227	2.16462204097735
5.46000000000000	-0.07093002714974	0.56181997407612	-0.72969445540165	2.07068937985140
5.47000000000000	-0.06612984494242	0.45797450863939	-0.72795305232803	1.96234268611390
5.48000000000000	-0.05572865060920	0.36162918236745	-0.72630048051564	1.84362054263097
5.49000000000000	-0.03995286022251	0.27295779696272	-0.72488002738626	1.71873147604615
5.50000000000000	-0.01915631757277	0.19102336167672	-0.72384900273455	1.59208839507336
5.51000000000000	0.00565861826023	0.11433941054051	-0.72328396248620	1.46816619006586
5.52000000000000	0.03353534881686	0.04141601292628	-0.72302111254702	1.35108256187146
5.53000000000000	0.06354609810786	-0.02949557625069	-0.72278482148869	1.24449840413664
5.54000000000000	0.09473868623489	-0.09948644698583	-0.72236387924441	1.15146425832694
5.55000000000000	0.12622200434971	-0.16930033319424	-0.72143946705471	1.07416426301191
5.56000000000000	0.15700114504726	-0.23929222856719	-0.71961411460502	1.01368968977568
5.57000000000000	0.18612397284485	-0.30931423812974	-0.71669054078871	0.96995301685799
5.58000000000000	0.21247377834677	-0.37931280081081	-0.71266047707624	0.94184975271341
5.59000000000000	0.23488938710427	-0.44906914542773	-0.70771193553311	0.92731418616238
5.60000000000000	0.25219220108156	-0.51838995868419	-0.70219779309741	0.92303505863831
5.61000000000000	0.26332151233981	-0.58732318102942	-0.69671927977566	0.92500679219773
5.62000000000000	0.26767233108529	-0.65635682633304	-0.69197770834116	0.92852736508768
5.63000000000000	0.26487106329450	-0.72560360022499	-0.68867806435963	0.92834027149085
5.64000000000000	0.25502712702766	-0.79547046394449	-0.68738480885534	0.91896000668381
5.65000000000000	0.23896289940423	-0.86495841530643	-0.68858838608065	0.89532604845375
5.66000000000000	0.21727633801534	-0.93423255943120	-0.69257146287025	0.85315576346987
5.67000000000000	0.19158175807947	-1.00108361871385	-0.69947588088529	0.78957642134137
5.68000000000000	0.16332739293930	-1.06478504258552	-0.70928174955068	0.70326016036394
5.69000000000000	0.13449201290944	-1.12261888337537	-0.72188412481888	0.59525487787988
5.70000000000000	0.10663978509053	-1.17307058416303	-0.73708058177026	0.46840796375047
5.71000000000000	0.08142025904515	-1.21419607320852	-0.75455810773314	0.32720549774226
5.72000000000000	0.06000281697758	-1.24485922208976	-0.77388088250588	0.17755689766088
5.73000000000000	0.04296964165313	-1.26465686043789	-0.79452457176327	0.02596865103610
5.74000000000000	0.03070863016422	-1.27316146500512	-0.81585760169234	-0.12104242898394
5.75000000000000	0.02256887897007	-1.27191359506033	-0.83716703119358	-0.25753853228147
5.76000000000000	0.01821887675655	-1.26146668204225	-0.85763851187139	-0.37884335072054
5.77000000000000	0.01641441830593	-1.24473956779154	-0.87642680641242	-0.48171402263839
5.78000000000000	0.01621381836077	-1.22295049206086	-0.89265899776847	-0.56488046804907
5.79000000000000	0.01653431386696	-1.19810103267428	-0.90552097388986	-0.62876139147437
5.80000000000000	0.01636172734610	-1.17188619235353	-0.91433888560010	-0.67507191318581
5.81000000000000	0.01483210551812	-1.14534130789268	-0.91862259535490	-0.70699511031497
5.82000000000000	0.01138928099966	-1.11832915921272	-0.91806043132733	-0.72841652605475
5.83000000000000	0.00556010646393	-1.09074645400414	-0.91258839720929	-0.74341300261251
5.84000000000000	-0.00277468165712	-1.06130471673562	-0.90243750757750	-0.75641218905352
5.85000000000000	-0.01364125341079	-1.02914608230273	-0.88790021137712	-0.77131464844159
5.86000000000000	-0.02674986505019	-0.99261900525080	-0.86940627155904	-0.79159751577595
5.87000000000000	-0.04168667923024	-0.95091282207026	-0.84745882907516	-0.81973888737014
5.88000000000000	-0.05761589604321	-0.90282742182113	-0.82267888110043	-0.85694532416260
5.89000000000000	-0.07364224245577	-0.84820393344982	-0.79565871806573	-0.90310963621540
5.90000000000000	-0.08880835909145	-0.78672647171653	-0.76692474201050	-0.95661197019895
5.91000000000000	-0.10213913196442	-0.71870662657070	-0.73704098194233	-1.01431613825169
5.92000000000000	-0.11262235592293	-0.64478246609123	-0.70660474594944	-1.07174809284037
5.93000000000000	-0.11939698396541	-0.56529826284407	-0.67619508806820	-1.12320369888072
5.94000000000000	-0.12180777262476	-0.48090585496613	-0.64638265890610	-1.16243178190003
5.95000000000000	-0.11935445815659	-0.39183940368160	-0.61774750321471	-1.18278894104890
5.96000000000000	-0.11178448537712	-0.29877175572204	-0.59086333769176	-1.17781970221518
5.97000000000000	-0.09892566472396	-0.20151690268319	-0.56621913189526	-1.14199348582192
5.98000000000000	-0.08121955487275	-0.10108252665405	-0.54429993369624	-1.07068608053120
5.99000000000000	-0.05938856478005	0.00237560752089	-0.52538262947862	-0.96101638204909
6.00000000000000	-0.03458923250365	0.10741518400641	-0.50977316046527	-0.81187255376894
6.01000000000000	-0.00806690358302	0.21300422109629	-0.49770791684634	-0.62386581734312
6.02000000000000	0.01867610324838	0.31766831748644	-0.48937604525650	-0.39979584736125
6.03000000000000	0.04409749964135	0.41978532536714	-0.48490474380692	-0.14446064389713
6.04000000000000	0.06704921705872	0.51837449322597	-0.48426039747268	0.13551684815636
6.05000000000000	0.08625642592896	0.61173381545527	-0.48729564323318	0.43169882941056
6.06000000000000	0.10119559586599	0.70017922260481	-0.49366534034481	0.73448101669844
6.07000000000000	0.11132179390303	0.78315581654888	-0.50282935679877	1.03377539937912
6.08000000000000	0.11652018953555	0.86098908225322	-0.51407028397649	1.31966203749369
6.09000000000000	0.11694925773691	0.93501922994733	-0.52653979861964	1.58338758965405
6.10000000000000	0.11286390872462	1.00623213930628	-0.53935741634563	1.81796987721891
6.11000000000000	0.10493578131821	1.07571266492741	-0.55171031218956	2.01905641270338
6.12000000000000	0.09360128178931	1.14440792241757	-0.56276232356270	2.18479242505428
6.13000000000000	0.07933513264360	1.21236622341876	-0.57183611459173	2.31565522721482
6.14000000000000	0.06299960946129	1.28049418813522	-0.57840949171628	2.41455714655535
6.15000000000000	0.04518572156673	1.34794802455032	-0.58217734032752	2.48574326403567
6.16000000000000	0.02682148997005	1.41543988603502	-0.58302770091934	2.53412251424548
6.17000000000000	0.00870488203446	1.48195258791925	-0.58108099813026	2.56480317875383
6.18000000000000	-0.00829080321482	1.54823049444041	-0.57673339907055	2.58220944092610
6.19000000000000	-0.02295701719921	1.61322976432599	-0.57062533453472	2.58964365421746
6.20000000000000	-0.03447102150823	1.67701133002024	-0.56341389442417	2.58905872194448
6.21000000000000	-0.04213752634324	1.73840701694725	-0.55591225374469	2.58096655756412
6.22000000000000	-0.04525454444856	1.79633297458533	-0.54894292348449	2.56465223208456
6.23000000000000	-0.04328045442209	1.84942842067686	-0.54324901253905	2.53850827482730
6.24000000000000	-0.03635879853362	1.89602375979616	-0.53950425159186	2.50032840375806
6.25000000000000	-0.02473304408679	1.93483133183077	-0.53824999013676	2.44768783419146
6.26000000000000	-0.00899586986932	1.96442882521108	-0.53990637612646	2.37822607545885
6.27000000000000	0.00985361827281	1.98333357848386	-0.54467390356850	2.28969085982836
6.28000000000000	0.03092667535920	1.99138146360569	-0.55273517649401	2.18021065869071
6.29000000000000	0.05287383140458	1.98774607740785	-0.56403844989202	2.04813673287578
6.30000000000000	0.07453955120616	1.97220554176431	-0.57846940724329	1.89244718643359
6.31000000000000	0.09489279871968	1.94442481978518	-0.59586960927718	1.71269214038824
6.32000000000000	0.11294646553359	1.90390398349501	-0.61597571341728	1.50928017198533
6.33000000000000	0.12804461782218	1.84994952951819	-0.63853784389106	1.28377703784427
6.34000000000000	0.13977774106547	1.78159703790339	-0.66329524999067	1.03884766736622
6.35000000000000	0.14807288926226	1.69761370501080	-0.69001128958488	0.77841368746469
6.36000000000000	0.15283621761652	1.59730853338116	-0.71809667102038	0.50703663309904
6.37000000000000	0.15420315863155	1.48014231920268	-0.74696294835691	0.22993994713190
6.38000000000000	0.15264750421561	1.34671988446983	-0.77581862036049	-0.04755279223378
6.39000000000000	0.14851755723369	1.19800787576048	-0.80373180651135	-0.32029089944791
6.40000000000000	0.14233728011242	1.03654074364771	-0.82945532320473	-0.58397832841910
6.41000000000000	0.13482480655810	0.86539116517337	-0.85183068269567	-0.83485705931170
6.42000000000000	0.12681342574075	0.68812604462510	-0.86979095917894	-1.06986937225923
6.43000000000000	0.11926466957906	0.50840435836784	-0.88251893593145	-1.28667611149277
6.44000000000000	0.11298533056661	0.32989566551582	-0.88938318975039	-1.48341592559955
6.45000000000000	0.10849507665108	0.15538225460310	-0.89005947140515	-1.65857345914828
6.46000000000000	0.10672335533817	-0.01242020263576	-0.88471210065347	-1.81078731881224
6.47000000000000	0.10764038573623	-0.17314168262699	-0.87366562627240	-1.93889179241190
6.48000000000000	0.11098468957800	-0.32563628660912	-0.85745172399679	-2.04176387648536
6.49000000000000	0.11595018566701	-0.47099078630608	-0.83681043180862	-2.11841612823110
6.50000000000000	0.12193125082211	-0.60943827900932	-0.81263782689400	-2.16758458082445
6.51000000000000	0.12776341945170	-0.74256868682796	-0.78590858981103	-2.18817869473785
6.52000000000000	0.13289887073955	-0.87091282401818	-0.75780048108610	-2.17900319834253
6.53000000000000	0.13691376623018	-0.99505386366938	-0.72953449805880	-2.13874575012590
6.54000000000000	0.13960478078602	-1.11520422989724	-0.70238629727387	-2.06644961291615
6.55000000000000	0.14099803895329	-1.23039867058320	-0.67748528741992	-1.96156087412423
6.56000000000000	0.14193423009540	-1.33986846803928	-0.65622736544821	-1.82349623913624
6.57000000000000	0.14285794951741	-1.44126756786421	-0.63960357188986	-1.65280038267349
6.58000000000000	0.14445725901786	-1.53186748396200	-0.62841679207269	-1.45066459502914
6.59000000000000	0.14707526834167	-1.60964798998015	-0.62302704590271	-1.21914999520740
6.60000000000000	0.15120132161688	-1.67203008070478	-0.62363647686621	-0.96133218626254
6.61000000000000	0.15710065257739	-1.71741435609588	-0.62999373073377	-0.68111504552112
6.62000000000000	0.16489938724088	-1.74511027890491	-0.64144328034364	-0.38312529158394
6.63000000000000	0.17441665880535	-1.75522640997000	-0.65685182747459	-0.07301126004989
6.64000000000000	0.18573899623944	-1.74913645220792	-0.67498368906546	0.24349770705522
6.65000000000000	0.19895855359591	-1.72850386902325	-0.69420362488765	0.56032858549178
6.66000000000000	0.21380317648832	-1.69641542802280	-0.71308984496083	0.87165754495229
6.67000000000000	0.22981537169134	-1.65535414745453	-0.72964783447911	1.17161165813236
6.68000000000000	0.24658084277993	-1.60876821647715	-0.74262309429478	1.45523404025277
6.69000000000000	0.26349140352191	-1.55911189773646	-0.75077873917228	1.71809111881107
6.70000000000000	0.27949602005322	-1.50935459393425	-0.75323385500382	1.95636193974701
6.71000000000000	0.29339893089316	-1.46125817828217	-0.74944781437648	2.16655980545860
6.72000000000000	0.30377350919290	-1.41628967013838	-0.73938112758663	2.34617099034368
6.73000000000000	0.30932138048055	-1.37520305894484	-0.72333143260111	2.49300164298270
6.74000000000000	0.30864337967489	-1.33801828542905	-0.70192045082840	2.60528710851188
6.75000000000000	0.30052211024269	-1.30469391690579	-0.67597772324350	2.68210287759944
6.76000000000000	0.28466815367721	-1.27455912694398	-0.64657460552769	2.72309757598692
6.77000000000000	0.26130123453602	-1.24667891204809	-0.61485383957624	2.72855720543790
6.78000000000000	0.23108026885140	-1.22062788156063	-0.58197867367015	2.69992358262528
6.79000000000000	0.19531208525456	-1.19534767519832	-0.54911946796706	2.63933461251991
6.80000000000000	0.15577352743192	-1.17029103668481	-0.51737807623171	2.54973130390546
6.81000000000000	0.11441254563388	-1.14453464405574	-0.48778413316468	2.43515745849811
6.82000000000000	0.07316372537358	-1.11689705236410	-0.46129177954904	2.30010685743365
6.83000000000000	0.03382369903034	-1.08606523244691	-0.43882318969634	2.14957485057844
6.84000000000000	-0.00213954023627	-1.05037625110710	-0.42115734406988	1.98893531127999
6.85000000000000	-0.03369464669985	-1.00821015148237	-0.40902331992921	1.82348755921396
6.86000000000000	-0.06012384801634	-0.95804446009668	-0.40314792667652	1.65836080681135
6.87000000000000	-0.08100064697707	-0.89826092997378	-0.40417249856159	1.49842492474897
6.88000000000000	-0.09623238041228	-0.82857628639907	-0.41260045795045	1.34783317501825
6.89000000000000	-0.10559690952634	-0.74848717576607	-0.42883388150175	1.20978530429821
6.90000000000000	-0.10916605110601	-0.65900573756707	-0.45294400671746	1.08660120176395
6.91000000000000	-0.10692430445391	-0.56163989467600	-0.48495309195816	0.97950484992172
6.92000000000000	-0.09883266084587	-0.45833666094473	-0.52441298080568	0.88854681848474
6.93000000000000	-0.08510597215463	-0.35165166026346	-0.57064414438972	0.81285115264108
6.94000000000000	-0.06627357286139	-0.24503751913078	-0.62272817367465	0.75070753033049
6.95000000000000	-0.04258130896804	-0.14085878421146	-0.67947947316101	0.69959867043963
6.96000000000000	-0.01513224423781	-0.04298079648281	-0.73942280455776	0.65641374168433
6.97000000000000	0.01545345993260	0.04690833255234	-0.80089405826634	0.61764952934862
6.98000000000000	0.04797655129104	0.12566500503052	-0.86211123940830	0.57955659038009
6.99000000000000	0.08188995308659	0.19299455249966	-0.92117671305207	0.53842255910131
7.00000000000000	0.11616117905644	0.24747670407865	-0.97631230528794	0.49086910712391
7.01000000000000	0.15046518891214	0.29022775810151	-1.02583464797207	0.43418156839397
7.02000000000000	0.18417903579889	0.32179539610750	-1.06823954174148	0.36640357922955
7.03000000000000	0.21699108175406	0.34387233425826	-1.10230455314021	0.28653543951689
7.04000000000000	0.24862724867739	0.35835680757784	-1.12710274970920	0.19464865853489
7.05000000000000	0.27866757228954	0.36679176479862	-1.14204450432374	0.09202213411363
7.06000000000000	0.30709396632203	0.37119835579393	-1.14684612221379	-0.01899311913596
7.07000000000000	0.33379020557215	0.37277201602021	-1.14154527601365	-0.13492560174602
7.08000000000000	0.35862488019126	0.37173700187641	-1.12662392258152	-0.25141926813118
7.09000000000000	0.38193605231845	0.36964866916763	-1.10284045256565	-0.36347244991536
7.10000000000000	0.40383346428079	0.36616309272430	-1.07120306591853	-0.46584162200226
7.11000000000000	0.42481931629056	0.36190630093832	-1.03293001764435	-0.55363072571993
7.12000000000000	0.44523798821915	0.35678120529050	-0.98937693147996	-0.62276292936412
7.13000000000000	0.46546706106409	0.35055998188993	-0.94189811285426	-0.67031806677955
7.14000000000000	0.48574365798135	0.34365994957479	-0.89179593435019	-0.69490739207676
7.15000000000000	0.50606170349418	0.33618848692464	-0.84017280277945	-0.69698854630179
7.16000000000000	0.52622610015175	0.32864399531948	-0.78797722535883	-0.67847096900271
7.17000000000000	0.54569827916058	0.32129989008701	-0.73598266694433	-0.64254228201351
7.18000000000000	0.56371688102900	0.31447092185223	-0.68463458362914	-0.59352977852094
7.19000000000000	0.57936816758205	0.30807787867437	-0.63410783650877	-0.53621233253982
7.20000000000000	0.59160240311110	0.30167181168799	-0.58445144519884	-0.47528955552357
7.21000000000000	0.59931251785972	0.29403863502022	-0.53567419905005	-0.41488890261276
7.22000000000000	0.60185064303346	0.28394249553226	-0.48756486009183	-0.35848659640894
7.23000000000000	0.59871275918121	0.26979651698178	-0.43994400150441	-0.30850947462066
7.24000000000000	0.58977522132031	0.24987059781171	-0.39285103996499	-0.26604938365581
7.25000000000000	0.57555612698951	0.22320381688690	-0.34645994389197	-0.23126647967926
7.26000000000000	0.55659510155084	0.18850319332647	-0.30110368199900	-0.20354375007467
7.27000000000000	0.53419177580460	0.14609855509195	-0.25728812360012	-0.18145209863016
7.28000000000000	0.50937931898791	0.09583973884946	-0.21579289877793	-0.16312797075719
7.29000000000000	0.48368261264119	0.03906438025234	-0.17753407791637	-0.14648299886972
7.30000000000000	0.45824818995384	-0.02361506937073	-0.14352851792101	-0.12930693542678
7.31000000000000	0.43432606888225	-0.09056200119877	-0.11491548027398	-0.10939727402907
7.32000000000000	0.41292908696094	-0.16096394071653	-0.09245785740021	-0.08496070407089
7.33000000000000	0.39483694752980	-0.23406643015892	-0.07706216395092	-0.05414756614113
7.34000000000000	0.38054150955952	-0.30963939027330	-0.06937656309743	-0.01538019781307
7.35000000000000	0.37014675929454	-0.38777863074097	-0.06983640634366	0.03275894273872
7.36000000000000	0.36359585973426	-0.46842864503470	-0.07856538469124	0.09127092207809
7.37000000000000	0.36025177443878	-0.55229563647886	-0.09534859320487	0.16076190761023
7.38000000000000	0.35931872173821	-0.63903062465889	-0.11967075099889	0.24125535083683
7.39000000000000	0.35968001913434	-0.72796532586217	-0.15068572252796	0.33198114192458
7.40000000000000	0.35974828935341	-0.81886486307592	-0.18718211205010	0.43151938318853
7.41000000000000	0.35818710157971	-0.91010718262874	-0.22747450040227	0.53738777767868
7.42000000000000	0.35342242010094	-1.00076980240224	-0.26982797542221	0.64675627264987
7.43000000000000	0.34418573542270	-1.08951157306394	-0.31234349728606	0.75638230761503
7.44000000000000	0.32956939372691	-1.17495538114472	-0.35303691139164	0.86268452626021
7.45000000000000	0.30896462216827	-1.25674510702674	-0.39004148568077	0.96225643967029
7.46000000000000	0.28249518831023	-1.33350968279111	-0.42171223774424	1.05210869146489
7.47000000000000	0.25017252719887	-1.40572610673022	-0.44677918047615	1.12990481477457
7.48000000000000	0.21303532341396	-1.47224489242421	-0.46442258739589	1.19414662713917
7.49000000000000	0.17215012751264	-1.53409598937588	-0.47431888113600	1.24424643510401
7.50000000000000	0.12897481984588	-1.59014894047733	-0.47655251950864	1.28055667430636
7.51000000000000	0.08489943355815	-1.64016008270886	-0.47173977812087	1.30422898192387
7.52000000000000	0.04144452742204	-1.68363211920431	-0.46094201860253	1.31697895739140
7.53000000000000	0.00025522696844	-1.71975693666317	-0.44543750211174	1.32099304338739
7.54000000000000	-0.03718665293658	-1.74753848239757	-0.42675078865482	1.31844099264046
7.55000000000000	-0.06963548612144	-1.76583989409353	-0.40658786888094	1.31128729954941
7.56000000000000	-0.09581454703714	-1.77307638311787	-0.38666496383750	1.30126854351872
7.57000000000000	-0.11468932801380	-1.76852651605198	-0.36858830698608	1.28932566737714
7.58000000000000	-0.12538414005764	-1.75061107156717	-0.35380865122903	1.27606117565055
7.59000000000000	-0.12761986504285	-1.71914420770206	-0.34372469979643	1.26101657453154
7.60000000000000	-0.12173374902038	-1.67284652910941	-0.33942848612230	1.24392046199854
7.61000000000000	-0.10812308511872	-1.61223945227360	-0.34152372497543	1.22351165036770
7.62000000000000	-0.08784157346531	-1.53786061745716	-0.35037131044249	1.19848591711268
7.63000000000000	-0.06242646182296	-1.45085407487207	-0.36592684703365	1.16760344043891
7.64000000000000	-0.03377097098470	-1.35306085175870	-0.38777199010184	1.12971615773530
7.65000000000000	-0.00387599272080	-1.24674749492217	-0.41505537482093	1.08389161813819
7.66000000000000	0.02516047104011	-1.13424988779996	-0.44670931004225	1.02971451074696
7.67000000000000	0.05116381464662	-1.01838113802636	-0.48147770718846	0.96722315765062
7.68000000000000	0.07247542558353	-0.90115884973636	-0.51792442798665	0.89674989212215
7.69000000000000	0.08760289865976	-0.78473478693478	-0.55454430320198	0.81877010416848
7.70000000000000	0.09522902257869	-0.67027682969406	-0.58992526023074	0.73386733576130
7.71000000000000	0.09497179861065	-0.55845999175199	-0.62267646567597	0.64244015815623
7.72000000000000	0.08669584068852	-0.44956257045187	-0.65158077586576	0.54440050342107
7.73000000000000	0.07082415723702	-0.34299906867518	-0.67552291060162	0.43935654929224
7.74000000000000	0.04804374889902	-0.23773258009388	-0.69362049601986	0.32650786759503
7.75000000000000	0.01916641814799	-0.13286378699114	-0.70517008291298	0.20470377328214
7.76000000000000	-0.01449620990014	-0.02650850879263	-0.70963624843760	0.07275215079494
7.77000000000000	-0.05187526498341	0.08209519494694	-0.70666868937935	-0.07044313546254
7.78000000000000	-0.09176848571186	0.19490225932759	-0.69617958354007	-0.22535655612670
7.79000000000000	-0.13319634279368	0.31218659303743	-0.67820973758610	-0.39187419055336
7.80000000000000	-0.17467030394649	0.43483725671159	-0.65291947766481	-0.56908161630904
7.81000000000000	-0.21532397298363	0.56223113110900	-0.62081393504607	-0.75477878556518
7.82000000000000	-0.25397970240955	0.69440608223459	-0.58246742192203	-0.94602669761795
7.83000000000000	-0.28984546353812	0.83018515063142	-0.53858170604526	-1.13898414763415
7.84000000000000	-0.32209240596804	0.96855638985312	-0.48997450257311	-1.32870172498885
7.85000000000000	-0.35035279158457	1.10848641601145	-0.43793908719713	-1.50956308233648
7.86000000000000	-0.37448913958003	1.24857097714925	-0.38353591021571	-1.67560370147551
7.87000000000000	-0.39439865820254	1.38748813565505	-0.32812325274366	-1.82035573712559
7.88000000000000	-0.41077453646533	1.52381295033107	-0.27294950234584	-1.93793034193169
7.89000000000000	-0.42450475170265	1.65551792175602	-0.21943880092360	-2.02244399251553
7.90000000000000	-0.43643302369091	1.78123247635931	-0.16890269324828	-2.06898724174844
7.91000000000000	-0.44778894942242	1.89850996465858	-0.12254195860057	-2.07389658180531
7.92000000000000	-0.45956954769535	2.00518317479473	-0.08144708234419	-2.03453383801492
7.93000000000000	-0.47287552077643	2.09907211674084	-0.04654962501400	-1.95010091687814
7.94000000000000	-0.48842365306927	2.17800976740633	-0.01856245356133	-1.82144993288215
7.95000000000000	-0.50651388927039	2.24027387183970	0.00202484540920	-1.65084736692682
7.96000000000000	-0.52713892605082	2.28423857639355	0.01492072307420	-1.44241094226490
7.97000000000000	-0.54990803782236	2.31005875677101	0.02020104717377	-1.20173759793259
7.98000000000000	-0.57446083463043	2.31774472929723	0.01799837627646	-0.93558544418741
7.99000000000000	-0.59972474623324	2.30925317292350	0.00904349790002	-0.65150975137963
8.00000000000000	-0.62479473669063	2.28632261262974	-0.00647692740785	-0.35742366795366
8.01000000000000	-0.64864749078782	2.25191635463894	-0.02752758796917	-0.06145760092073
8.02000000000000	-0.67007446223246	2.20905730867951	-0.05332593991604	0.22889701000271
8.03000000000000	-0.68801777122948	2.16052420603324	-0.08306324100876	0.50717017633642
8.04000000000000	-0.70152156763902	2.10854261994938	-0.11595554756684	0.76807564578369
8.05000000000000	-0.70986525217011	2.05493340973544	-0.15106920873889	1.00779427960746
8.06000000000000	-0.71267542476701	2.00009976317047	-0.18756316034278	1.22404921759834
8.07000000000000	-0.70980141146755	1.94441065753692	-0.22472350167565	1.41596688002516
8.08000000000000	-0.70157633529208	1.88658714037007	-0.26183145897347	1.58404834457820
8.09000000000000	-0.68847090932662	1.82619404365254	-0.29821128541384	1.72966696400453
8.10000000000000	-0.67156659937248	1.76137767662575	-0.33337404523621	1.85477671831714
8.11000000000000	-0.65190335787932	1.69142632947892	-0.36697551516136	1.96177753113724
8.12000000000000	-0.63087320584725	1.61505854007627	-0.39884140598558	2.05285145866736
8.13000000000000	-0.61004040331918	1.53197727650952	-0.42902738769801	2.12975514598090
8.14000000000000	-0.59094062389990	1.44207275441733	-0.45770352085333	2.19368937399504
8.15000000000000	-0.57503718348563	1.34559758447779	-0.48512920140138	2.24498788086607
8.16000000000000	-0.56346814947859	1.24350463384803	-0.51156101998099	2.28303603431474
8.17000000000000	-0.55706829597988	1.13670773012595	-0.53737458067389	2.30690609512842
8.18000000000000	-0.55630945784840	1.02627428940030	-0.56273374723273	2.31508149435236
8.19000000000000	-0.56095917792440	0.91378165321114	-0.58776038828536	2.30606328672618
8.20000000000000	-0.57024143721296	0.80062087908538	-0.61249812804746	2.27872686901158
8.21000000000000	-0.58328309060253	0.68781681628968	-0.63684876514780	2.23241020981220
8.22000000000000	-0.59863932328602	0.57682688004624	-0.66061492270295	2.16710508261232
8.23000000000000	-0.61485690779372	0.46830021576524	-0.68349996585237	2.08347425286682
8.24000000000000	-0.63020995864558	0.36307653010302	-0.70508443739658	1.98262963999238
8.25000000000000	-0.64353123757426	0.26202483570791	-0.72481421099495	1.86597579581025
8.26000000000000	-0.65389981222660	0.16471428790582	-0.74213835593912	1.73508730941170
8.27000000000000	-0.66035806095016	0.07215745166609	-0.75630874377020	1.59137838351283
8.28000000000000	-0.66290458280438	-0.01704216606661	-0.76652285163827	1.43592108572626
8.29000000000000	-0.66118053869352	-0.10198054042709	-0.77202624488816	1.26949888671264
8.30000000000000	-0.65582814230802	-0.18443634499397	-0.77203156662897	1.09266490694048
8.31000000000000	-0.64691803096897	-0.26402420031790	-0.76583924332720	0.90561242326989
8.32000000000000	-0.63497430603418	-0.34144820394817	-0.75282345072177	0.70846176416451
8.33000000000000	-0.62055526195432	-0.41703261273351	-0.73275495801357	0.50182809314863
8.34000000000000	-0.60435000218060	-0.49070102808954	-0.70559786093863	0.28655908205391
8.35000000000000	-0.58682731946035	-0.56250090882089	-0.67170392171025	0.06424540530505
8.36000000000000	-0.56854783013991	-0.63227856425926	-0.63169428961333	-0.16273944571679
8.37000000000000	-0.55009426630494	-0.69856692610395	-0.58667151098410	-0.39116485608156
8.38000000000000	-0.53239524913686	-0.76165066481475	-0.53793925428520	-0.61705719468713
8.39000000000000	-0.51567112502292	-0.81967716581810	-0.48702088342573	-0.83573645976082
8.40000000000000	-0.50070741188370	-0.87269924047497	-0.43551008188638	-1.04225541487466
8.41000000000000	-0.48770711341062	-0.91878941958934	-0.38500773490340	-1.23133544078953
8.42000000000000	-0.47715775004566	-0.95753389924908	-0.33692393664537	-1.39802381489154
8.43000000000000	-0.46909690167381	-0.98740002454484	-0.29245370323887	-1.53783698036135
8.44000000000000	-0.46372993436204	-1.00710497201415	-0.25251926021973	-1.64686249160742
8.45000000000000	-0.46060249574827	-1.01602759811684	-0.21771475825681	-1.72223611853833
8.46000000000000	-0.45951937086185	-1.01308045135918	-0.18835046217252	-1.76215806177692
8.47000000000000	-0.46009981254999	-0.99816336626765	-0.16449213710593	-1.76579689195732
8.48000000000000	-0.46173170960194	-0.97169542661170	-0.14598221863388	-1.73384000784603
8.49000000000000	-0.46385219216490	-0.93458961133595	-0.13248764634378	-1.66800742555867
8.50000000000000	-0.46593006498616	-0.88875868867530	-0.12356627903964	-1.57098056526033
8.51000000000000	-0.46743244044637	-0.83659383132127	-0.11869749107299	-1.44677084548707
8.52000000000000	-0.46781500148340	-0.78069343817317	-0.11739887317806	-1.30006114848394
8.53000000000000	-0.46665733315539	-0.72381139912775	-0.11917010981953	-1.13596474833184
8.54000000000000	-0.46337814730888	-0.66869973063906	-0.12369051242553	-0.96009219241846
8.55000000000000	-0.45738669954640	-0.61773574146853	-0.13079989579452	-0.77788277617991
8.56000000000000	-0.44858601598657	-0.57305616510746	-0.14046926661191	-0.59455005222634
8.57000000000000	-0.43640112372994	-0.53549272267193	-0.15288279989422	-0.41469337599571
8.58000000000000	-0.42084390072781	-0.50654862187738	-0.16833576214049	-0.24215291192794
8.59000000000000	-0.40158117140514	-0.48568291938912	-0.18719573689115	-0.07994835310269
8.60000000000000	-0.37879083940697	-0.47322614144411	-0.20967454051267	0.06999327981062
8.61000000000000	-0.35239028287297	-0.46774907542241	-0.23593236732290	0.20683223483766
8.62000000000000	-0.32279254910926	-0.46882998825596	-0.26601073790572	0.33063193329418
8.63000000000000	-0.29033166837935	-0.47494942433312	-0.29966895901297	0.44263378444117
8.64000000000000	-0.25500102567207	-0.48526945105720	-0.33632713991941	0.54471949589742
8.65000000000000	-0.21736404720965	-0.49863011206392	-0.37542645801129	0.63935534965344
8.66000000000000	-0.17775049060922	-0.51399859241822	-0.41615299084977	0.72925434254755
8.67000000000000	-0.13642875470055	-0.53038460984578	-0.45752960628974	0.81675501728241
8.68000000000000	-0.09388210060488	-0.54744475938193	-0.49837240552458	0.90355663468097
8.69000000000000	-0.04997729620626	-0.56367114320643	-0.53754725035790	0.99053361098983
8.70000000000000	-0.00507122198197	-0.57887890844802	-0.57388636462852	1.07746673296215
8.71000000000000	0.04091599218441	-0.59143535904264	-0.60616839141824	1.16299133103382
8.72000000000000	0.08744151971539	-0.60066510754253	-0.63326653785863	1.24485497300091
8.73000000000000	0.13468975267911	-0.60554371195172	-0.65412182216463	1.32006908297745
8.74000000000000	0.18215605914030	-0.60515305937913	-0.66804408194288	1.38550821818786
8.75000000000000	0.22940007583441	-0.59886764865920	-0.67451750430183	1.43823249189912
8.76000000000000	0.27585686317993	-0.58616785014785	-0.67326284562669	1.47574102907757
8.77000000000000	0.32085850969838	-0.56759615958944	-0.66452588850366	1.49645472719366
8.78000000000000	0.36390428777097	-0.54338905672011	-0.64883403869043	1.49998137760882
8.79000000000000	0.40412580967974	-0.51521952781784	-0.62698141918554	1.48694724529637
8.80000000000000	0.44090214011700	-0.48397551547951	-0.59998053666791	1.45870658950175
8.81000000000000	0.47348880714318	-0.45181108289169	-0.56911819758549	1.41768114752183
8.82000000000000	0.50134933156069	-0.42057016098391	-0.53558719328755	1.36664032018502
8.83000000000000	0.52396302299420	-0.39192045745724	-0.50046059583422	1.30830125175916
8.84000000000000	0.54075262140726	-0.36709491744272	-0.46486102250665	1.24545518697098
8.85000000000000	0.55137269528347	-0.34717215300000	-0.42958174112568	1.18024835171329
8.86000000000000	0.55564079221745	-0.33274431250269	-0.39513639271762	1.11413780219808
8.87000000000000	0.55351303790597	-0.32433984373339	-0.36176763090507	1.04767357110459
8.88000000000000	0.54520831695415	-0.32156044520484	-0.32954638006127	0.98058489731961
8.89000000000000	0.53149073009856	-0.32453100816083	-0.29830954278342	0.91201842463013
8.90000000000000	0.51317877606042	-0.33262092506887	-0.26789981736624	0.84060087057910
8.91000000000000	0.49134587938616	-0.34576711893686	-0.23826374810349	0.76481088208246
8.92000000000000	0.46716452774331	-0.36344355412097	-0.20919610583386	0.68337361558207
8.93000000000000	0.44180722661943	-0.38560275806991	-0.18087070887637	0.59547578672943
8.94000000000000	0.41647330815564	-0.41206221159275	-0.15353230001923	0.50083871972660
8.95000000000000	0.39213043117002	-0.44264040566950	-0.12754790129532	0.40009717465012
8.96000000000000	0.36938289646783	-0.47713293475531	-0.10342389039399	0.29461456893101
8.97000000000000	0.34881052171560	-0.51514329235507	-0.08165961438231	0.18658976606161
8.98000000000000	0.33069386891477	-0.55610763922020	-0.06274097442602	0.07866887242635
8.99000000000000	0.31500239566161	-0.59909125267493	-0.04710813613937	-0.02597362975197
9.00000000000000	0.30129494640128	-0.64292607767998	-0.03523140207087	-0.12375527775283
9.01000000000000	0.28915948643461	-0.68621402892145	-0.02729329282127	-0.21136522382289
9.02000000000000	0.27757138201717	-0.72770254407482	-0.02314723786258	-0.28574943317213
9.03000000000000	0.26560598701702	-0.76607394034095	-0.02255930645264	-0.34432892595605
9.04000000000000	0.25200474395059	-0.80048094562238	-0.02505668136940	-0.38529129686971
9.05000000000000	0.23546735822191	-0.83054781236272	-0.02977412780108	-0.40785682639880
9.06000000000000	0.21468839615357	-0.85646256143588	-0.03560438605521	-0.41256864021064
9.07000000000000	0.18835102009670	-0.87924659553335	-0.04107089028042	-0.40127929404220
9.08000000000000	0.15565214095399	-0.89975665646702	-0.04513306268936	-0.37679965672481
9.09000000000000	0.11583518900415	-0.92020358931891	-0.04630418045624	-0.34358281240029
9.10000000000000	0.06912600441865	-0.94188217023175	-0.04338333871163	-0.30686040173772
9.11000000000000	0.01565407613797	-0.96682620168670	-0.03550158716556	-0.27261018970346
9.12000000000000	-0.04332614812170	-0.99559739334120	-0.02224176783819	-0.24693574869814
9.13000000000000	-0.10625987221933	-1.02869065003739	-0.00343882064734	-0.23581762644292
9.14000000000000	-0.17132442842860	-1.06574064714570	0.02060244948189	-0.24466883527781
9.15000000000000	-0.23641035345731	-1.10549473982696	0.04917559576671	-0.27743115837925
9.16000000000000	-0.29919856777510	-1.14600718849176	0.08114904491730	-0.33656134003060
9.17000000000000	-0.35776455041975	-1.18519228548190	0.11516485555261	-0.42278500959894
9.18000000000000	-0.41028659013620	-1.22003561497767	0.14960731341932	-0.53453189024468
9.19000000000000	-0.45564224321828	-1.24903053804164	0.18281719963325	-0.66851759556469
9.20000000000000	-0.49265944370638	-1.26938764640077	0.21295599057429	-0.81941858455985
9.21000000000000	-0.52112851380525	-1.28075239546219	0.23841969652330	-0.98060834370468
9.22000000000000	-0.54076669830402	-1.28219377111095	0.25766143883070	-1.14439955832136
9.23000000000000	-0.55196645463637	-1.27471238521658	0.26942989102854	-1.30256494511490
9.24000000000000	-0.55513482170618	-1.25921935864434	0.27281893826225	-1.44698600631206
9.25000000000000	-0.55104355047632	-1.23754986149297	0.26728097689318	-1.56995921144983
9.26000000000000	-0.54057045251501	-1.21150101857522	0.25271134756957	-1.66470208176431
9.27000000000000	-0.52482170477830	-1.18255432543293	0.22942608858424	-1.72585321493390
9.28000000000000	-0.50497756745767	-1.15236111978241	0.19817742050597	-1.74925553919549
9.29000000000000	-0.48231388393430	-1.12136733461560	0.16006172460531	-1.73243237018513
9.30000000000000	-0.45851419544919	-1.09031940144047	0.11633328548050	-1.67444340807820
9.31000000000000	-0.43499739226329	-1.05895234482999	0.06850450248207	-1.57567674384957
9.32000000000000	-0.41317098507466	-1.02687198438284	0.01813567696004	-1.43789660552584
9.33000000000000	-0.39443883644289	-0.99387141691837	-0.03324673046406	-1.26421015547922
9.34000000000000	-0.37978404903025	-0.95940122100029	-0.08422126894047	-1.05850661257522
9.35000000000000	-0.36980558252891	-0.92293059475977	-0.13351190602854	-0.82558218494705
9.36000000000000	-0.36467708327956	-0.88430796552113	-0.18002553261732	-0.57096199218931
9.37000000000000	-0.36389434637955	-0.84303977129345	-0.22288015256368	-0.30043488283242
9.38000000000000	-0.36673128424603	-0.79960576458185	-0.26139149252851	-0.02003175980410
9.39000000000000	-0.37187550594345	-0.75356304104004	-0.29508265642934	0.26412214375375
9.40000000000000	-0.37793075363225	-0.70540383203382	-0.32362588050334	0.54598812197467
9.41000000000000	-0.38327406657097	-0.65497928574318	-0.34675638262767	0.81964058518772
9.42000000000000	-0.38666128293177	-0.60282990184470	-0.36431622489812	1.07955510438173
9.43000000000000	-0.38677543183982	-0.54870485584707	-0.37617674020563	1.32047249635452
9.44000000000000	-0.38277665963081	-0.49277031675022	-0.38231914962998	1.53790040899371
9.45000000000000	-0.37419430968420	-0.43497136882260	-0.38279439021980	1.72832500702363
9.46000000000000	-0.36095338025014	-0.37520666623785	-0.37776348776872	1.88913239313402
9.47000000000000	-0.34333855540132	-0.31374921324564	-0.36748851784434	2.01906704349071
9.48000000000000	-0.32176928246222	-0.25087320250860	-0.35232854646369	2.11808992581036
9.49000000000000	-0.29690827938712	-0.18737489122278	-0.33282286355608	2.18727298914966
9.50000000000000	-0.26927498324988	-0.12379139093420	-0.30949617769041	2.22869354432761
9.51000000000000	-0.23981196912260	-0.06184040029057	-0.28298351444773	2.24509207404649
9.52000000000000	-0.20898630614525	-0.00224904328203	-0.25398266801717	2.23952276719270
9.53000000000000	-0.17772740681305	0.05323063268043	-0.22326894621070	2.21529621298966
9.54000000000000	-0.14674360554308	0.10413810900475	-0.19171701064759	2.17530802983487
9.55000000000000	-0.11696251868013	0.14956838094797	-0.16024467473544	2.12202610834537
9.56000000000000	-0.08914487051266	0.18942933604631	-0.12980286035437	2.05733650640579
9.57000000000000	-0.06397203185446	0.22431447050103	-0.10133975560817	1.98217387256062
9.58000000000000	-0.04205067862448	0.25470713550841	-0.07574853543419	1.89681082297878
9.59000000000000	-0.02310809255769	0.28307163402297	-0.05383624230565	1.80076191684951
9.60000000000000	-0.00744083295469	0.30983080964287	-0.03621924344471	1.69294407085382
9.61000000000000	0.00591284783411	0.33785555141857	-0.02335025077957	1.57192842451022
9.62000000000000	0.01760924351200	0.36796675413165	-0.01535859930455	1.43595090686421
9.63000000000000	0.02872728852387	0.40147857652670	-0.01221420274509	1.28345798916641
9.64000000000000	0.04046392612775	0.43914606805967	-0.01371496959052	1.11329540450615
9.65000000000000	0.05398814583436	0.48120893379028	-0.01953622404644	0.92472747855714
9.66000000000000	0.06996933120482	0.52739448921469	-0.02915157177264	0.71799819490056
9.67000000000000	0.08906311836207	0.57712657452664	-0.04214349814054	0.49428503118696
9.68000000000000	0.11131052942572	0.62867618480256	-0.05800814796399	0.25547433114824
9.69000000000000	0.13663396379047	0.68113781445593	-0.07613223700890	0.00460255238156
9.70000000000000	0.16432212438032	0.73195915394677	-0.09590325675239	-0.25473984013401
9.71000000000000	0.19390488506040	0.77983298303524	-0.11670218326875	-0.51829312325037
9.72000000000000	0.22420886876323	0.82205462111720	-0.13789132525006	-0.78095684212616
9.73000000000000	0.25427025131060	0.85738269547345	-0.15886156188980	-1.03746469476013
9.74000000000000	0.28303147696410	0.88393726835121	-0.17920156743568	-1.28210703152024
9.75000000000000	0.30934842369745	0.90076202938342	-0.19855272490506	-1.50907940409688
9.76000000000000	0.33199654857162	0.90731155905655	-0.21659190406383	-1.71327863101530
9.77000000000000	0.34980191734064	0.90356139882592	-0.23314684015660	-1.89001004735419
9.78000000000000	0.36196330326631	0.89005575854790	-0.24807396824492	-2.03569785622125
9.79000000000000	0.36785487481389	0.86760681810939	-0.26121836086202	-2.14811600053140
9.80000000000000	0.36705980095296	0.83741471631862	-0.27242545860773	-2.22600946483704
9.81000000000000	0.35943257629073	0.80068514582405	-0.28152100706031	-2.26958244591863
9.82000000000000	0.34550521832168	0.75888043486772	-0.28842783951995	-2.27999025831702
9.83000000000000	0.32588152870473	0.71306500422412	-0.29300485087307	-2.25900073139305
9.84000000000000	0.30149375572395	0.66443112286408	-0.29507090390230	-2.20928714637442
9.85000000000000	0.27319136185545	0.61368613059895	-0.29462542768203	-2.13374487799669
9.86000000000000	0.24255624703278	0.56146632939604	-0.29157514524872	-2.03486653407333
9.87000000000000	0.21066476752287	0.50841918595854	-0.28600721948842	-1.91542929557923
9.88000000000000	0.17850382489800	0.45464021718009	-0.27805708784046	-1.77769230703499
9.89000000000000	0.14695935517285	0.40078547005866	-0.26792344065238	-1.62343230998212
9.90000000000000	0.11681224563529	0.34689303878960	-0.25591728163889	-1.45426945854644
9.91000000000000	0.08861186377665	0.29374822893936	-0.24234199049375	-1.27154998126667
9.92000000000000	0.06246827580435	0.24195365226259	-0.22754154560630	-1.07644848321282
9.93000000000000	0.03814788716619	0.19206371049108	-0.21190882810222	-0.87023531825651
9.94000000000000	0.01549837494186	0.14480906557256	-0.19573563000040	-0.65436317392967
9.95000000000000	-0.00573175679415	0.10070015948942	-0.17937920993245	-0.43052296197419
9.96000000000000	-0.02650407131508	0.06009221632655	-0.16296503465005	-0.20063480734451
9.97000000000000	-0.04730439621153	0.02355413061541	-0.14704238635475	0.03311522867180
9.98000000000000	-0.06875967842801	-0.00953966016848	-0.13170175543804	0.26827752728910
9.99000000000000	-0.09122611847503	-0.03874634823028	-0.11729757214138	0.50243960194510
10.00000000000000	-0.11556972703513	-0.06517733534989	-0.10423284252622	0.73335916850686
